1.084 0.000804 0.000097 0.300 0.000 6.64
1.084 0.000804 0.000249 0.300 0.000 1.00
1.055 0.000731 0.000125 0.300 0.000 2.77
1.055 0.000731 0.000208 0.300 0.000 1.00
1.041 0.000820 0.000124 0.300 0.000 3.03
1.041 0.000820 0.000215 0.300 0.000 1.00
0.939 0.000627 0.000128 0.300 0.000 2.93
0.939 0.000627 0.000220 0.300 0.000 1.00
0.866 0.000263 0.000159 0.300 0.000 3.35
0.866 0.000263 0.000291 0.300 0.000 1.00
1.026 0.000836 0.000124 0.300 0.000 3.91
1.026 0.000836 0.000245 0.300 0.000 1.00
1.143 0.001163 0.000130 0.300 0.000 45.68
1.143 0.001163 0.000880 0.300 0.000 1.00
0.807 0.000100 0.000000 0.300 0.000 10.10
0.807 0.000100 0.000000 0.300 0.000 1.00
1.011 0.000888 0.000097 0.300 0.000 3.16
1.011 0.000888 0.000172 0.300 0.000 1.00
0.982 0.000894 0.000123 0.300 0.000 2.84
0.982 0.000894 0.000207 0.300 0.000 1.00
0.968 0.000790 0.000126 0.300 0.000 2.74
0.968 0.000790 0.000208 0.300 0.000 1.00
0.997 0.000723 0.000124 0.300 0.000 3.90
0.997 0.000723 0.000245 0.300 0.000 1.00
0.836 0.000100 0.000000 0.300 0.000 3.51
0.836 0.000100 0.000000 0.300 0.000 1.00
0.822 0.000100 0.000000 0.300 0.000 8.51
0.822 0.000100 0.000000 0.300 0.000 1.00
0.953 0.000850 0.000127 0.300 0.000 3.32
0.953 0.000850 0.000232 0.300 0.000 1.00
0.895 0.000563 0.000142 0.300 0.000 2.81
0.895 0.000563 0.000238 0.300 0.000 1.00
1.099 0.000679 0.000131 0.300 0.000 3.09
1.099 0.000679 0.000229 0.300 0.000 1.00
0.880 0.000407 0.000150 0.300 0.000 2.49
0.880 0.000407 0.000237 0.300 0.000 1.00
0.909 0.000512 0.000138 0.300 0.000 2.85
0.909 0.000512 0.000234 0.300 0.000 1.00
1.070 0.000813 0.000126 0.300 0.000 3.84
1.070 0.000813 0.000247 0.300 0.000 1.00
1.114 0.001052 0.000129 0.300 0.000 9.85
1.114 0.001052 0.000405 0.300 0.000 1.00
1.128 0.000918 0.000132 0.300 0.000 6.95
1.128 0.000918 0.000347 0.300 0.000 1.00
0.924 0.000457 0.000098 0.300 0.000 3.06
0.924 0.000457 0.000171 0.300 0.000 1.00
0.851 0.000218 0.000158 0.300 0.000 3.47
0.851 0.000218 0.000295 0.300 0.000 1.00
