1.084 0.000651 0.000127 0.300 0.000 6.26
1.084 0.000651 0.000317 0.300 0.000 1.00
1.055 0.000744 0.000125 0.300 0.000 2.48
1.055 0.000744 0.000197 0.300 0.000 1.00
1.041 0.000834 0.000124 0.300 0.000 2.55
1.041 0.000834 0.000198 0.300 0.000 1.00
0.939 0.000642 0.000129 0.300 0.000 2.68
0.939 0.000642 0.000211 0.300 0.000 1.00
0.866 0.000150 0.000158 0.300 0.000 4.26
0.866 0.000150 0.000326 0.300 0.000 1.00
1.026 0.000857 0.000125 0.300 0.000 3.19
1.026 0.000857 0.000223 0.300 0.000 1.00
1.143 0.000896 0.000130 0.300 0.000 24.82
1.143 0.000896 0.000648 0.300 0.000 1.00
0.807 0.000711 0.000212 0.300 0.000 38.20
0.807 0.000711 0.001307 0.300 0.000 1.00
1.011 0.000844 0.000128 0.300 0.000 2.77
1.011 0.000844 0.000213 0.300 0.000 1.00
0.982 0.000922 0.000124 0.300 0.000 2.14
0.982 0.000922 0.000181 0.300 0.000 1.00
0.968 0.000816 0.000126 0.300 0.000 2.17
0.968 0.000816 0.000186 0.300 0.000 1.00
0.997 0.000750 0.000125 0.300 0.000 3.21
0.997 0.000750 0.000223 0.300 0.000 2.03
0.836 0.000100 0.000000 0.300 0.000 4.88
0.836 0.000100 0.000000 0.300 0.000 1.00
0.822 0.000100 0.000000 0.300 0.000 10.66
0.822 0.000100 0.000000 0.300 0.000 1.00
0.953 0.000874 0.000128 0.300 0.000 2.96
0.953 0.000874 0.000221 0.300 0.000 1.00
0.895 0.000572 0.000143 0.300 0.000 2.98
0.895 0.000572 0.000247 0.300 0.000 1.00
1.099 0.000698 0.000131 0.300 0.000 3.06
1.099 0.000698 0.000230 0.300 0.000 1.00
0.880 0.000359 0.000148 0.300 0.000 2.97
0.880 0.000359 0.000255 0.300 0.000 1.00
0.909 0.000526 0.000139 0.300 0.000 2.99
0.909 0.000526 0.000241 0.300 0.000 1.00
1.070 0.000831 0.000126 0.300 0.000 3.31
1.070 0.000831 0.000230 0.300 0.000 1.00
1.114 0.001093 0.000130 0.300 0.000 5.56
1.114 0.001093 0.000307 0.300 0.000 1.00
1.128 0.000934 0.000133 0.300 0.000 6.80
1.128 0.000934 0.000346 0.300 0.000 1.00
0.924 0.000427 0.000134 0.300 0.000 2.75
0.924 0.000427 0.000223 0.300 0.000 1.00
0.851 0.000100 0.000000 0.300 0.000 4.60
0.851 0.000100 0.000000 0.300 0.000 1.00
