1.084 0.000662 0.000237 0.300 0.000 5.20
1.084 0.000662 0.000541 0.300 0.000 1.00
1.055 0.001186 0.000120 0.300 0.000 2.20
1.055 0.001186 0.000179 0.300 0.000 1.00
1.041 0.000974 0.000160 0.300 0.000 1.74
1.041 0.000974 0.000210 0.300 0.000 1.00
0.939 0.000829 0.000196 0.300 0.000 2.30
0.939 0.000829 0.000297 0.300 0.000 1.00
0.866 0.000136 0.000199 0.300 0.000 3.61
0.866 0.000136 0.000379 0.300 0.000 1.00
1.026 0.000916 0.000149 0.300 0.000 1.77
1.026 0.000916 0.000198 0.300 0.000 1.00
1.143 0.000692 0.000094 0.300 0.000 9.64
1.143 0.000692 0.000293 0.300 0.000 1.00
0.807 0.000100 0.000000 0.300 0.000 6.73
0.807 0.000100 0.000000 0.300 0.000 1.00
1.011 0.001152 0.000116 0.300 0.000 2.46
1.011 0.001152 0.000182 0.300 0.000 1.00
0.982 0.000968 0.000231 0.300 0.000 2.18
0.982 0.000968 0.000341 0.300 0.000 1.00
0.968 0.000867 0.000236 0.300 0.000 2.08
0.968 0.000867 0.000340 0.300 0.000 1.00
0.997 0.000843 0.000239 0.300 0.000 2.97
0.997 0.000843 0.000413 0.300 0.000 1.00
0.836 0.000415 0.000150 0.300 0.000 2.70
0.836 0.000415 0.000246 0.300 0.000 1.00
0.822 0.000100 0.000173 0.300 0.000 12.17
0.822 0.000100 0.000605 0.300 0.000 1.00
0.953 0.001048 0.000158 0.300 0.000 2.76
0.953 0.001048 0.000263 0.300 0.000 1.00
0.895 0.000411 0.000176 0.300 0.000 2.56
0.895 0.000411 0.000281 0.300 0.000 1.00
1.099 0.000708 0.000260 0.300 0.000 2.98
1.099 0.000708 0.000448 0.300 0.000 1.00
0.880 0.000277 0.000200 0.300 0.000 2.38
0.880 0.000277 0.000308 0.300 0.000 1.00
0.909 0.000624 0.000172 0.300 0.000 2.64
0.909 0.000624 0.000280 0.300 0.000 1.00
1.070 0.001082 0.000127 0.300 0.000 3.32
1.070 0.001082 0.000232 0.300 0.000 1.00
1.114 0.001128 0.000201 0.300 0.000 5.84
1.114 0.001128 0.000485 0.300 0.000 1.00
1.128 0.001042 0.000130 0.300 0.000 6.70
1.128 0.001042 0.000336 0.300 0.000 1.00
0.924 0.000622 0.000122 0.300 0.000 2.10
0.924 0.000622 0.000178 0.300 0.000 1.00
0.851 0.000100 0.000000 0.300 0.000 3.43
0.851 0.000100 0.000000 0.300 0.000 1.00
