0.807 0.001341 0.000074 0.300 0.000 11.44
0.822 0.001081 0.000063 0.300 0.000 5.81
0.836 0.000976 0.000054 0.300 0.000 5.82
0.851 0.000729 0.000049 0.300 0.000 4.13
0.866 0.000819 0.000047 0.300 0.000 4.26
0.880 0.000740 0.000043 0.300 0.000 3.52
0.895 0.000688 0.000040 0.300 0.000 3.40
0.909 0.000637 0.000039 0.300 0.000 3.17
0.924 0.000660 0.000037 0.300 0.000 2.88
0.939 0.000635 0.000036 0.300 0.000 2.24
0.953 0.000716 0.000035 0.300 0.000 2.65
0.968 0.000729 0.000035 0.300 0.000 1.82
0.982 0.000643 0.000034 0.300 0.000 1.61
0.997 0.000621 0.000034 0.300 0.000 2.73
1.011 0.000834 0.000035 0.300 0.000 2.33
1.026 0.000707 0.000034 0.300 0.000 2.03
1.041 0.000675 0.000034 0.300 0.000 1.93
1.055 0.000708 0.000035 0.300 0.000 2.34
1.070 0.000755 0.000035 0.300 0.000 2.93
1.084 0.000802 0.000035 0.300 0.000 4.90
1.099 0.000859 0.000036 0.300 0.000 4.47
1.114 0.000862 0.000036 0.300 0.000 5.15
1.128 0.000808 0.000037 0.300 0.000 6.06
1.143 0.000974 0.000044 0.300 0.000 10.32
