1.084 0.000658 0.000127 0.300 0.000 6.46
1.084 0.000658 0.000324 0.300 0.000 1.00
1.055 0.000751 0.000126 0.300 0.000 2.76
1.055 0.000751 0.000210 0.300 0.000 1.00
1.041 0.000843 0.000125 0.300 0.000 2.71
1.041 0.000843 0.000206 0.300 0.000 1.00
0.939 0.000652 0.000130 0.300 0.000 2.80
0.939 0.000652 0.000217 0.300 0.000 1.00
0.866 0.000284 0.000159 0.300 0.000 2.85
0.866 0.000284 0.000268 0.300 0.000 1.00
1.026 0.000873 0.000126 0.300 0.000 3.11
1.026 0.000873 0.000222 0.300 0.000 5.16
1.143 0.001163 0.000130 0.300 0.000 45.47
1.143 0.001163 0.000878 0.300 0.000 1.00
0.807 0.000292 0.000203 0.300 0.000 3.36
0.807 0.000292 0.000372 0.300 0.000 1.00
1.011 0.000853 0.000129 0.300 0.000 2.81
1.011 0.000853 0.000216 0.300 0.000 1.00
0.982 0.000978 0.000125 0.300 0.000 13.94
0.982 0.000978 0.000466 0.300 0.000 1.00
0.968 0.000838 0.000127 0.300 0.000 2.07
0.968 0.000838 0.000183 0.300 0.000 1.00
0.997 0.000921 0.000126 0.300 0.000 11.02
0.997 0.000921 0.000418 0.300 0.000 1.00
0.836 0.000413 0.000170 0.300 0.000 1.92
0.836 0.000413 0.000235 0.300 0.000 1.00
0.822 0.000212 0.000183 0.300 0.000 3.37
0.822 0.000212 0.000336 0.300 0.000 1.00
0.953 0.000889 0.000129 0.300 0.000 3.03
0.953 0.000889 0.000224 0.300 0.000 1.00
0.895 0.000570 0.000143 0.300 0.000 2.87
0.895 0.000570 0.000241 0.300 0.000 1.00
1.099 0.000703 0.000132 0.300 0.000 3.27
1.099 0.000703 0.000238 0.300 0.000 1.00
0.880 0.000407 0.000150 0.300 0.000 2.46
0.880 0.000407 0.000235 0.300 0.000 1.00
0.909 0.000525 0.000139 0.300 0.000 2.96
0.909 0.000525 0.000240 0.300 0.000 1.00
1.070 0.000845 0.000127 0.300 0.000 3.28
1.070 0.000845 0.000231 0.300 0.000 1.00
1.114 0.001119 0.000131 0.300 0.000 5.23
1.114 0.001119 0.000298 0.300 0.000 1.00
1.128 0.000936 0.000130 0.300 0.000 6.87
1.128 0.000936 0.000341 0.300 0.000 1.00
0.924 0.000433 0.000135 0.300 0.000 2.74
0.924 0.000433 0.000223 0.300 0.000 1.00
0.851 0.000385 0.000164 0.300 0.000 2.63
0.851 0.000385 0.000265 0.300 0.000 1.00
