0.807 0.000238 0.000079 0.300 0.000 2.53
0.807 0.000238 0.000126 0.300 0.000 1.00
0.822 0.000381 0.000072 0.300 0.000 2.09
0.822 0.000381 0.000104 0.300 0.000 1.00
0.836 0.000450 0.000064 0.300 0.000 1.77
0.836 0.000450 0.000086 0.300 0.000 1.00
0.851 0.000373 0.000060 0.300 0.000 1.76
0.851 0.000373 0.000080 0.300 0.000 1.00
0.866 0.000564 0.000058 0.300 0.000 2.33
0.866 0.000564 0.000089 0.300 0.000 1.00
0.880 0.000526 0.000055 0.300 0.000 1.91
0.880 0.000526 0.000076 0.300 0.000 1.00
0.895 0.000477 0.000052 0.300 0.000 2.26
0.895 0.000477 0.000079 0.300 0.000 1.00
0.909 0.000497 0.000051 0.300 0.000 2.45
0.909 0.000497 0.000080 0.300 0.000 1.00
0.924 0.000484 0.000049 0.300 0.000 2.15
0.924 0.000484 0.000072 0.300 0.000 1.00
0.939 0.000590 0.000048 0.300 0.000 1.79
0.939 0.000590 0.000064 0.300 0.000 1.00
0.953 0.000650 0.000047 0.300 0.000 2.45
0.953 0.000650 0.000074 0.300 0.000 1.00
0.968 0.000752 0.000047 0.300 0.000 1.97
0.968 0.000752 0.000066 0.300 0.000 1.00
0.982 0.000663 0.000046 0.300 0.000 1.62
0.982 0.000663 0.000058 0.300 0.000 1.00
0.997 0.000624 0.000046 0.300 0.000 2.66
0.997 0.000624 0.000075 0.300 0.000 1.00
1.011 0.000825 0.000047 0.300 0.000 1.83
1.011 0.000825 0.000064 0.300 0.000 1.00
1.026 0.000709 0.000046 0.300 0.000 2.12
1.026 0.000709 0.000067 0.300 0.000 1.00
1.041 0.000730 0.000046 0.300 0.000 1.75
1.041 0.000730 0.000061 0.300 0.000 1.00
1.055 0.000717 0.000046 0.300 0.000 1.97
1.055 0.000717 0.000065 0.300 0.000 1.00
1.070 0.000745 0.000047 0.300 0.000 2.76
1.070 0.000745 0.000078 0.300 0.000 1.00
1.084 0.000794 0.000047 0.300 0.000 4.86
1.084 0.000794 0.000103 0.300 0.000 1.00
1.099 0.000838 0.000048 0.300 0.000 4.15
1.099 0.000838 0.000099 0.300 0.000 1.00
1.114 0.000811 0.000048 0.300 0.000 5.64
1.114 0.000811 0.000114 0.300 0.000 1.00
1.128 0.000802 0.000049 0.300 0.000 7.05
1.128 0.000802 0.000130 0.300 0.000 1.00
1.143 0.000791 0.000055 0.300 0.000 12.04
1.143 0.000791 0.000190 0.300 0.000 1.00
