#time 		photoelectrons 	error 		visit 	orbit 	scan 	wave_center 	wave_start 	wave_end
0.395048218673 8192985.44078 170301.705716 0.86 0.0 2458059.9732 0.0 0.0 0.0
0.396746528472 8229512.47001 171045.126663 0.86 0.0 2458059.97527 0.0 0.0 1.0
0.398444982946 8215181.19167 170762.428616 0.86 0.0 2458059.97734 0.0 0.0 0.0
0.400143282056 8246501.57381 171377.973844 0.86 0.0 2458059.97942 0.0 0.0 1.0
0.401841728896 8232568.10993 171125.763711 0.86 0.0 2458059.98149 0.0 0.0 0.0
0.403540023807 8260517.92599 171661.183998 0.86 0.0 2458059.98356 0.0 0.0 1.0
0.40523846492 8247636.13166 171425.429699 0.86 0.0 2458059.98563 0.0 0.0 0.0
0.406936745325 8275318.00813 171969.863631 0.86 0.0 2458059.9877 0.0 0.0 1.0
0.408635172696 8258702.46775 171634.334454 0.86 0.0 2458059.98977 0.0 0.0 0.0
0.410333443177 8284782.074 172143.923553 0.86 0.0 2458059.99185 0.0 0.0 1.0
0.412031861387 8267605.43256 171827.843249 0.86 0.0 2458059.99392 0.0 0.0 0.0
0.413730127668 8288789.3852 172217.880293 0.86 0.0 2458059.99599 0.0 0.0 1.0
0.447374666124 8253079.48139 171498.145137 0.86 0.0 2458060.03703 0.0 1.0 0.0
0.449073124797 8281294.4228 172070.951252 0.86 0.0 2458060.0391 0.0 1.0 1.0
0.450771430397 8267546.35205 171819.937711 0.86 0.0 2458060.04118 0.0 1.0 0.0
0.452469885252 8289824.87406 172236.111674 0.86 0.0 2458060.04325 0.0 1.0 1.0
0.454168184745 8272634.27583 171919.071343 0.86 0.0 2458060.04532 0.0 1.0 0.0
0.455866636546 8294982.82298 172356.537563 0.86 0.0 2458060.04739 0.0 1.0 1.0
0.457564931457 8275956.54051 171986.830405 0.86 0.0 2458060.04946 0.0 1.0 0.0
0.459263369135 8295859.99035 172365.383451 0.86 0.0 2458060.05153 0.0 1.0 1.0
0.460961650304 8278750.68886 172059.468743 0.86 0.0 2458060.05361 0.0 1.0 0.0
0.462660078057 8296519.57564 172368.728087 0.86 0.0 2458060.05568 0.0 1.0 1.0
0.464358353118 8276706.24743 172003.019128 0.86 0.0 2458060.05775 0.0 1.0 0.0
0.466056775909 8295572.21072 172365.577567 0.86 0.0 2458060.05982 0.0 1.0 1.0
0.467755039136 8276333.75548 171998.659938 0.86 0.0 2458060.06189 0.0 1.0 0.0
-0.498344183106 8258502.54219 171613.881608 0.86 0.0 2458060.10325 0.0 2.0 0.0
-0.49664587598 8284895.98339 172152.784147 0.86 0.0 2458060.10532 0.0 2.0 1.0
-0.494947414635 8268509.42622 171829.457272 0.86 0.0 2458060.10739 0.0 2.0 0.0
-0.49324910789 8287982.95083 172203.630809 0.86 0.0 2458060.10946 0.0 2.0 1.0
-0.491550656852 8266212.16983 171761.358326 0.86 0.0 2458060.11154 0.0 2.0 0.0
-0.489852361177 8285519.13992 172159.295073 0.86 0.0 2458060.11361 0.0 2.0 1.0
-0.488153918537 8265704.7402 171791.331905 0.86 0.0 2458060.11568 0.0 2.0 0.0
-0.486455628588 8281531.96428 172063.352388 0.86 0.0 2458060.11775 0.0 2.0 1.0
-0.484757192055 8260415.32643 171656.224429 0.86 0.0 2458060.11982 0.0 2.0 0.0
-0.483058915849 8280201.08177 172042.887098 0.86 0.0 2458060.12189 0.0 2.0 1.0
-0.481360493059 8263356.64732 171728.241418 0.86 0.0 2458060.12397 0.0 2.0 0.0
-0.479662226778 8283374.71138 172103.964094 0.86 0.0 2458060.12604 0.0 2.0 1.0
-0.477963812004 8268656.44844 171825.70544 0.86 0.0 2458060.12811 0.0 2.0 0.0
-0.44406318083 8260893.43276 171643.832728 0.86 0.0 2458060.16946 0.0 3.0 0.0
-0.442364722539 8285350.07334 172126.998773 0.86 0.0 2458060.17154 0.0 3.0 1.0
-0.440666417321 8268121.68983 171815.699508 0.86 0.0 2458060.17361 0.0 3.0 0.0
-0.438967963229 8288323.53759 172196.638776 0.86 0.0 2458060.17568 0.0 3.0 1.0
-0.43726965992 8270427.78158 171861.428952 0.86 0.0 2458060.17775 0.0 3.0 0.0
-0.435571208881 8291022.5388 172264.124333 0.86 0.0 2458060.17982 0.0 3.0 1.0
-0.433872918169 8271706.18287 171885.138453 0.86 0.0 2458060.18189 0.0 3.0 0.0
-0.432174480491 8291219.16235 172267.71555 0.86 0.0 2458060.18397 0.0 3.0 1.0
-0.430476200086 8273741.52445 171932.028722 0.86 0.0 2458060.18604 0.0 3.0 0.0
-0.428777772715 8292107.50446 172271.119001 0.86 0.0 2458060.18811 0.0 3.0 1.0
-0.427079497272 8277009.15223 172008.455162 0.86 0.0 2458060.19018 0.0 3.0 0.0
-0.425381075245 8295658.41619 172363.036953 0.86 0.0 2458060.19225 0.0 3.0 1.0
-0.423682812017 8279560.34737 172062.970543 0.86 0.0 2458060.19433 0.0 3.0 0.0
-0.389782041131 8267244.07105 171776.932778 0.86 0.0 2458060.23568 0.0 4.0 0.0
-0.388083730569 8292440.92282 172275.924291 0.86 0.0 2458060.23775 0.0 4.0 1.0
-0.386385269987 8275846.8874 171958.426232 0.86 0.0 2458060.23982 0.0 4.0 0.0
-0.384686967824 8297594.72237 172386.528389 0.86 0.0 2458060.2419 0.0 4.0 1.0
-0.382988517167 8281641.32276 172081.481451 0.86 0.0 2458060.24397 0.0 4.0 0.0
-0.381290222256 8302494.26693 172494.411336 0.86 0.0 2458060.24604 0.0 4.0 1.0
-0.379591779997 8284184.19837 172140.830518 0.86 0.0 2458060.24811 0.0 4.0 0.0
-0.377893490048 8303897.07394 172528.732188 0.86 0.0 2458060.25018 0.0 4.0 1.0
-0.376195053897 8287984.68514 172250.201704 0.86 0.0 2458060.25225 0.0 4.0 0.0
-0.374496778073 8302867.38595 172496.136601 0.86 0.0 2458060.25433 0.0 4.0 1.0
-0.372798355664 8285648.81573 172177.379933 0.86 0.0 2458060.2564 0.0 4.0 0.0
-0.371100088619 8301614.59868 172469.411545 0.86 0.0 2458060.25847 0.0 4.0 1.0
-0.369401674227 8284913.13621 172166.902793 0.86 0.0 2458060.26054 0.0 4.0 0.0
