0.807291666667 5091113.14138983
0.821875 6213541.882907626
0.836458333333 7614288.097693221
0.851041666667 8718802.486811357
0.865625 9260167.274057288
0.880208333333 10345176.747533897
0.894791666667 11421422.404650846
0.909375 12005405.937900001
0.923958333333 12805221.848806782
0.938541666667 13751604.102652544
0.953125 13983277.793794915
0.967708333333 14283565.98934407
0.982291666667 14890837.498284746
0.996875 14686499.178077968
1.01145833333 14008321.738845762
1.02604166667 14704055.625525424
1.040625 14748601.723625423
1.05520833333 14512267.250830509
1.06979166667 14320395.952601695
1.084375 14234518.90410678
1.09895833333 13337969.94474915
1.11354166667 13649072.466455933
1.128125 13111530.72891356
1.14270833333 10477849.499806779
