1792367741.21
1789309211.02
1795883863.37
1792951545.02
1798900148.75
1795754877.91
1801645843.43
1797998075.17
1803610230.78
1799809794.16
1804393317.95
1802912723.45
1799507208.43
1804719303.2
1800779054.26
1805523515.29
1801575360.42
1805882672.87
1801999732.76
1806136861.34
1801711972.42
1805774533.32
1801321222.81
1803714510.56
1799947086.92
1804110606.96
1799402871.06
1803712258.8
1799189741.49
1802696807.19
1798021056.91
1802350354.35
1798292746.33
1802825581.35
1799146866.59
1802880531.44
1799302941.48
1803606152.79
1799494856.64
1803888352.25
1799594919.11
1804130457.36
1799828776.21
1804295667.85
1800734537.77
1804858952.49
1801111046.19
1804340716.19
1800758483.94
1805575191.4
1801731720.64
1806270360.57
1802183613.29
1806614130.29
1802991402.24
1806334040.16
1802150411.94
1805973143.84
1801809686.81

