#time 		photoelectrons 	error 		visit 	orbit 	scan 	wave_center 	wave_start 	wave_end
0.395048218673 14140675.1534 1084750.07625 0.962777777778 0.0 2458059.9732 0.0 0.0 0.0
0.396746528472 14212606.5863 1090514.63223 0.962777777778 0.0 2458059.97527 0.0 0.0 1.0
0.398444982946 14187501.6283 1088711.69149 0.962777777778 0.0 2458059.97734 0.0 0.0 0.0
0.400143282056 14240896.3811 1092723.84981 0.962777777778 0.0 2458059.97942 0.0 0.0 1.0
0.401841728896 14211979.9159 1090614.08806 0.962777777778 0.0 2458059.98149 0.0 0.0 0.0
0.403540023807 14266364.6452 1094683.74058 0.962777777778 0.0 2458059.98356 0.0 0.0 1.0
0.40523846492 14235921.8436 1092454.6901 0.962777777778 0.0 2458059.98563 0.0 0.0 0.0
0.406936745325 14284805.4474 1096092.0941 0.962777777778 0.0 2458059.9877 0.0 0.0 1.0
0.408635172696 14253980.6189 1093822.73624 0.962777777778 0.0 2458059.98977 0.0 0.0 0.0
0.410333443177 14302338.7069 1097423.16142 0.962777777778 0.0 2458059.99185 0.0 0.0 1.0
0.412031861387 14265411.2702 1094663.74149 0.962777777778 0.0 2458059.99392 0.0 0.0 0.0
0.413730127668 14307930.7683 1097818.33001 0.962777777778 0.0 2458059.99599 0.0 0.0 1.0
0.447374666124 14237983.1913 1091898.84187 0.962777777778 0.0 2458060.03703 0.0 1.0 0.0
0.449073124797 14294164.1435 1096589.85533 0.962777777778 0.0 2458060.0391 0.0 1.0 1.0
0.450771430397 14264448.0148 1094470.41654 0.962777777778 0.0 2458060.04118 0.0 1.0 0.0
0.452469885252 14309328.488 1097877.22041 0.962777777778 0.0 2458060.04325 0.0 1.0 1.0
0.454168184745 14273821.6209 1095273.04844 0.962777777778 0.0 2458060.04532 0.0 1.0 0.0
0.455866636546 14310016.9683 1097953.59909 0.962777777778 0.0 2458060.04739 0.0 1.0 1.0
0.457564931457 14276170.7859 1095501.60277 0.962777777778 0.0 2458060.04946 0.0 1.0 0.0
0.459263369135 14311853.1034 1098114.21835 0.962777777778 0.0 2458060.05153 0.0 1.0 1.0
0.460961650304 14276492.2027 1095509.16949 0.962777777778 0.0 2458060.05361 0.0 1.0 0.0
0.462660078057 14313621.0009 1098262.09997 0.962777777778 0.0 2458060.05568 0.0 1.0 1.0
0.464358353118 14272247.3876 1095207.92358 0.962777777778 0.0 2458060.05775 0.0 1.0 0.0
0.466056775909 14305913.5736 1097661.93313 0.962777777778 0.0 2458060.05982 0.0 1.0 1.0
0.467755039136 14271803.5458 1095128.93124 0.962777777778 0.0 2458060.06189 0.0 1.0 0.0
-0.498344183106 14238123.5163 1091937.82737 0.962777777778 0.0 2458060.10325 0.0 2.0 0.0
-0.49664587598 14291307.4017 1096404.20768 0.962777777778 0.0 2458060.10532 0.0 2.0 1.0
-0.494947414635 14259297.6701 1094146.03089 0.962777777778 0.0 2458060.10739 0.0 2.0 0.0
-0.49324910789 14296510.7428 1096867.46464 0.962777777778 0.0 2458060.10946 0.0 2.0 1.0
-0.491550656852 14259763.1782 1094191.66391 0.962777777778 0.0 2458060.11154 0.0 2.0 0.0
-0.489852361177 14292508.3314 1096672.75154 0.962777777778 0.0 2458060.11361 0.0 2.0 1.0
-0.488153918537 14251964.4482 1093679.21222 0.962777777778 0.0 2458060.11568 0.0 2.0 0.0
-0.486455628588 14286102.5954 1096155.94852 0.962777777778 0.0 2458060.11775 0.0 2.0 1.0
-0.484757192055 14246311.9335 1093215.10802 0.962777777778 0.0 2458060.11982 0.0 2.0 0.0
-0.483058915849 14283251.928 1095970.97698 0.962777777778 0.0 2458060.12189 0.0 2.0 1.0
-0.481360493059 14245610.699 1093149.4545 0.962777777778 0.0 2458060.12397 0.0 2.0 0.0
-0.479662226778 14286182.1139 1096159.15665 0.962777777778 0.0 2458060.12604 0.0 2.0 1.0
-0.477963812004 14252310.0514 1093647.62127 0.962777777778 0.0 2458060.12811 0.0 2.0 0.0
-0.44406318083 14238583.6252 1091913.91963 0.962777777778 0.0 2458060.16946 0.0 3.0 0.0
-0.442364722539 14292558.6613 1096495.40181 0.962777777778 0.0 2458060.17154 0.0 3.0 1.0
-0.440666417321 14260546.0056 1094169.98759 0.962777777778 0.0 2458060.17361 0.0 3.0 0.0
-0.438967963229 14300110.8619 1097152.52516 0.962777777778 0.0 2458060.17568 0.0 3.0 1.0
-0.43726965992 14264875.4244 1094615.35511 0.962777777778 0.0 2458060.17775 0.0 3.0 0.0
-0.435571208881 14303234.9341 1097432.43485 0.962777777778 0.0 2458060.17982 0.0 3.0 1.0
-0.433872918169 14262855.3024 1094415.82203 0.962777777778 0.0 2458060.18189 0.0 3.0 0.0
-0.432174480491 14303768.1701 1097497.46421 0.962777777778 0.0 2458060.18397 0.0 3.0 1.0
-0.430476200086 14266901.0888 1094799.9833 0.962777777778 0.0 2458060.18604 0.0 3.0 0.0
-0.428777772715 14303810.3836 1097485.34892 0.962777777778 0.0 2458060.18811 0.0 3.0 1.0
-0.427079497272 14270988.1736 1095108.31522 0.962777777778 0.0 2458060.19018 0.0 3.0 0.0
-0.425381075245 14309129.9125 1097902.87794 0.962777777778 0.0 2458060.19225 0.0 3.0 1.0
-0.423682812017 14274264.0046 1095332.42029 0.962777777778 0.0 2458060.19433 0.0 3.0 0.0
-0.389782041131 14250641.6485 1092776.76475 0.962777777778 0.0 2458060.23568 0.0 4.0 0.0
-0.388083730569 14303809.3154 1097290.18575 0.962777777778 0.0 2458060.23775 0.0 4.0 1.0
-0.386385269987 14274973.566 1095279.76576 0.962777777778 0.0 2458060.23982 0.0 4.0 0.0
-0.384686967824 14315227.9446 1098306.03223 0.962777777778 0.0 2458060.2419 0.0 4.0 1.0
-0.382988517167 14281613.0541 1095854.70453 0.962777777778 0.0 2458060.24397 0.0 4.0 0.0
-0.381290222256 14321381.0882 1098834.13251 0.962777777778 0.0 2458060.24604 0.0 4.0 1.0
-0.379591779997 14286320.4396 1096214.12684 0.962777777778 0.0 2458060.24811 0.0 4.0 0.0
-0.377893490048 14322412.7888 1098920.65478 0.962777777778 0.0 2458060.25018 0.0 4.0 1.0
-0.376195053897 14288708.3269 1096440.11383 0.962777777778 0.0 2458060.25225 0.0 4.0 0.0
-0.374496778073 14321485.1942 1098837.60243 0.962777777778 0.0 2458060.25433 0.0 4.0 1.0
-0.372798355664 14283612.4729 1096039.71465 0.962777777778 0.0 2458060.2564 0.0 4.0 0.0
-0.371100088619 14318643.0528 1098608.61941 0.962777777778 0.0 2458060.25847 0.0 4.0 1.0
-0.369401674227 14283510.1199 1096046.57385 0.962777777778 0.0 2458060.26054 0.0 4.0 0.0
