0.132929398226 59713.2721594 42579.9913494 0.931 0.0 2458059.9732 0.0 0.0 0.0
0.133291493486 57413.8177474 41440.564987 0.931 0.0 2458059.97527 0.0 0.0 1.0
0.133653619591 57466.5292371 41461.8117333 0.931 0.0 2458059.97734 0.0 0.0 0.0
0.134015712572 55428.2450206 40691.9510083 0.931 0.0 2458059.97942 0.0 0.0 1.0
0.13437783705 62546.8367233 42952.3008146 0.931 0.0 2458059.98149 0.0 0.0 0.0
0.134739929135 52399.8542915 40103.6814486 0.931 0.0 2458059.98356 0.0 0.0 1.0
0.135102052392 57717.9067785 41785.374617 0.931 0.0 2458059.98563 0.0 0.0 0.0
0.135464141385 59305.3131414 42364.834981 0.931 0.0 2458059.9877 0.0 0.0 1.0
0.135826261712 58565.6712868 42098.5306738 0.931 0.0 2458059.98977 0.0 0.0 0.0
0.136188348589 58347.2691765 41949.3968774 0.931 0.0 2458059.99185 0.0 0.0 1.0
0.136550466962 61365.5739068 42613.5140236 0.931 0.0 2458059.99392 0.0 0.0 0.0
0.136912552944 56706.9080113 40938.661778 0.931 0.0 2458059.99599 0.0 0.0 1.0
0.144085877796 61345.1980528 42716.8979889 0.931 0.0 2458060.03703 0.0 1.0 0.0
0.144448004797 58147.2288408 41786.5851588 0.931 0.0 2458060.0391 0.0 1.0 1.0
0.144810099161 56921.4112038 41199.842631 0.931 0.0 2458060.04118 0.0 1.0 0.0
0.145172225348 59058.9838921 42178.180329 0.931 0.0 2458060.04325 0.0 1.0 1.0
0.14553431841 57628.6328873 41773.2873119 0.931 0.0 2458060.04532 0.0 1.0 0.0
0.145896443946 54662.126367 40769.0733968 0.931 0.0 2458060.04739 0.0 1.0 1.0
0.146258536032 65091.4879068 43991.8678914 0.931 0.0 2458060.04946 0.0 1.0 0.0
0.146620658556 51134.6869332 39665.3158598 0.931 0.0 2458060.05153 0.0 1.0 1.0
0.146982747712 59877.4154225 42063.7745228 0.931 0.0 2458060.05361 0.0 1.0 0.0
0.14734486812 59833.3917862 42355.0278138 0.931 0.0 2458060.05568 0.0 1.0 1.0
0.147706955973 60578.9981055 42642.3427599 0.931 0.0 2458060.05775 0.0 1.0 0.0
0.148069075324 55308.520716 40698.5353031 0.931 0.0 2458060.05982 0.0 1.0 1.0
0.148431160654 60241.4939183 42456.8042054 0.931 0.0 2458060.06189 0.0 1.0 0.0
0.155659118081 62497.8225512 43066.5703562 0.931 0.0 2458060.10325 0.0 2.0 0.0
0.15602121277 60088.7310313 42323.9478373 0.931 0.0 2458060.10532 0.0 2.0 1.0
0.156383340341 59230.5572496 41958.7821926 0.931 0.0 2458060.10739 0.0 2.0 0.0
0.15674543495 57167.9580974 40851.2579237 0.931 0.0 2458060.10946 0.0 2.0 1.0
0.157107560323 55147.3702504 41277.5229298 0.931 0.0 2458060.11154 0.0 2.0 0.0
0.157469652571 52299.099251 39958.5774578 0.931 0.0 2458060.11361 0.0 2.0 1.0
0.157831776154 67524.3154687 44788.9896524 0.931 0.0 2458060.11568 0.0 2.0 0.0
0.158193867181 54888.5662345 40617.4277781 0.931 0.0 2458060.11775 0.0 2.0 1.0
0.158555989461 59883.8293331 42294.5903741 0.931 0.0 2458060.11982 0.0 2.0 0.0
0.158918077559 55498.8520554 41275.0981894 0.931 0.0 2458060.12189 0.0 2.0 1.0
0.159280196909 59920.478547 42656.7784809 0.931 0.0 2458060.12397 0.0 2.0 0.0
0.159642282891 62700.9035647 43422.4217232 0.931 0.0 2458060.12604 0.0 2.0 1.0
0.160004400532 61605.6648812 43023.0203855 0.931 0.0 2458060.12811 0.0 2.0 0.0
0.167232326705 57169.8329806 41395.3682386 0.931 0.0 2458060.16946 0.0 3.0 0.0
0.167594453625 58891.3225725 42200.8471614 0.931 0.0 2458060.17154 0.0 3.0 1.0
0.167956547908 60321.9751513 42639.4874202 0.931 0.0 2458060.17361 0.0 3.0 0.0
0.168318673932 60160.1319969 42324.7903388 0.931 0.0 2458060.17568 0.0 3.0 1.0
0.168680767808 62497.8156973 43200.4437223 0.931 0.0 2458060.17775 0.0 3.0 0.0
0.169042893181 54726.761152 40797.2797912 0.931 0.0 2458060.17982 0.0 3.0 1.0
0.169404984371 60608.241426 42645.8238756 0.931 0.0 2458060.18189 0.0 3.0 0.0
0.169767106896 56646.3667439 41379.9502147 0.931 0.0 2458060.18397 0.0 3.0 1.0
0.170129195889 56108.3907277 40956.0913203 0.931 0.0 2458060.18604 0.0 3.0 0.0
0.170491316216 58724.0981272 42147.9371788 0.931 0.0 2458060.18811 0.0 3.0 1.0
0.17085340415 59584.2696404 42346.2055237 0.931 0.0 2458060.19018 0.0 3.0 0.0
0.171215523338 53807.5031421 40446.739 0.931 0.0 2458060.19225 0.0 3.0 1.0
0.171577608668 57394.2846609 41441.2250118 0.931 0.0 2458060.19433 0.0 3.0 0.0
0.17880556463 58552.4963725 41695.5764335 0.931 0.0 2458060.23568 0.0 4.0 0.0
0.179167660052 55740.580941 40978.1636361 0.931 0.0 2458060.23775 0.0 4.0 1.0
0.17952978746 61175.9615122 42947.2364479 0.931 0.0 2458060.23982 0.0 4.0 0.0
0.179891881092 59140.9433904 41947.2986262 0.931 0.0 2458060.2419 0.0 4.0 1.0
0.180254006383 65254.465843 44433.7854724 0.931 0.0 2458060.24397 0.0 4.0 0.0
0.180616098469 60259.8301244 42406.7256559 0.931 0.0 2458060.24604 0.0 4.0 1.0
0.18097822197 59848.9137707 42334.7780922 0.931 0.0 2458060.24811 0.0 4.0 0.0
0.181340312997 57939.0523642 41735.2136665 0.931 0.0 2458060.25018 0.0 4.0 1.0
0.181702435197 64980.5152661 44230.9027807 0.931 0.0 2458060.25225 0.0 4.0 0.0
0.182064523213 52025.2326434 40129.8595998 0.931 0.0 2458060.25433 0.0 4.0 1.0
0.182426642482 60135.1028252 42651.0201143 0.931 0.0 2458060.2564 0.0 4.0 0.0
0.182788728626 60561.7258119 42401.8992739 0.931 0.0 2458060.25847 0.0 4.0 1.0
0.183150846186 59852.4831399 42584.858611 0.931 0.0 2458060.26054 0.0 4.0 0.0
