0.132929398226 98312.3762557 57683.5243804 0.905 0.0 2458059.9732 0.0 0.0 0.0
0.133291493486 97512.2100031 57390.9534624 0.905 0.0 2458059.97527 0.0 0.0 1.0
0.133653619591 97451.2769638 57198.6587435 0.905 0.0 2458059.97734 0.0 0.0 0.0
0.134015712572 96061.6959596 56589.0151741 0.905 0.0 2458059.97942 0.0 0.0 1.0
0.13437783705 99979.8499403 58100.2150552 0.905 0.0 2458059.98149 0.0 0.0 0.0
0.134739929135 93577.2779313 55155.6232849 0.905 0.0 2458059.98356 0.0 0.0 1.0
0.135102052392 96898.899609 56858.0530199 0.905 0.0 2458059.98563 0.0 0.0 0.0
0.135464141385 99243.8672326 58254.2297101 0.905 0.0 2458059.9877 0.0 0.0 1.0
0.135826261712 98035.2774194 57499.0930896 0.905 0.0 2458059.98977 0.0 0.0 0.0
0.136188348589 98321.3711985 57575.6239247 0.905 0.0 2458059.99185 0.0 0.0 1.0
0.136550466962 100177.989964 58292.4569912 0.905 0.0 2458059.99392 0.0 0.0 0.0
0.136912552944 96305.9110374 56407.4010048 0.905 0.0 2458059.99599 0.0 0.0 1.0
0.144085877796 100399.796968 58556.6317693 0.905 0.0 2458060.03703 0.0 1.0 0.0
0.144448004797 98538.227645 57689.3914368 0.905 0.0 2458060.0391 0.0 1.0 1.0
0.144810099161 97116.2457603 56820.3106412 0.905 0.0 2458060.04118 0.0 1.0 0.0
0.145172225348 98410.2914272 57429.7587447 0.905 0.0 2458060.04325 0.0 1.0 1.0
0.14553431841 97876.4652524 57381.3944696 0.905 0.0 2458060.04532 0.0 1.0 0.0
0.145896443946 95423.9627826 56365.480418 0.905 0.0 2458060.04739 0.0 1.0 1.0
0.146258536032 103047.309792 59726.7697849 0.905 0.0 2458060.04946 0.0 1.0 0.0
0.146620658556 93194.6301616 55190.8573894 0.905 0.0 2458060.05153 0.0 1.0 1.0
0.146982747712 99131.7971445 57806.3407438 0.905 0.0 2458060.05361 0.0 1.0 0.0
0.14734486812 99102.4148422 58068.0395771 0.905 0.0 2458060.05568 0.0 1.0 1.0
0.147706955973 99547.6289142 58239.4949313 0.905 0.0 2458060.05775 0.0 1.0 0.0
0.148069075324 95603.4283665 56370.6042058 0.905 0.0 2458060.05982 0.0 1.0 1.0
0.148431160654 98659.7186909 57831.984214 0.905 0.0 2458060.06189 0.0 1.0 0.0
0.155659118081 100922.55899 58515.5543643 0.905 0.0 2458060.10325 0.0 2.0 0.0
0.15602121277 99296.2648978 58152.1187841 0.905 0.0 2458060.10532 0.0 2.0 1.0
0.156383340341 98573.8183502 57697.711704 0.905 0.0 2458060.10739 0.0 2.0 0.0
0.15674543495 97057.0224149 57113.2988462 0.905 0.0 2458060.10946 0.0 2.0 1.0
0.157107560323 95939.4451883 56288.209665 0.905 0.0 2458060.11154 0.0 2.0 0.0
0.157469652571 94190.9384227 55707.0537472 0.905 0.0 2458060.11361 0.0 2.0 1.0
0.157831776154 103949.58461 59979.8647245 0.905 0.0 2458060.11568 0.0 2.0 0.0
0.158193867181 95733.3936348 56501.4748525 0.905 0.0 2458060.11775 0.0 2.0 1.0
0.158555989461 98789.0186727 57697.5115969 0.905 0.0 2458060.11982 0.0 2.0 0.0
0.158918077559 95790.1832715 56474.7358297 0.905 0.0 2458060.12189 0.0 2.0 1.0
0.159280196909 98940.8622822 57832.2856957 0.905 0.0 2458060.12397 0.0 2.0 0.0
0.159642282891 101103.60065 59054.3060152 0.905 0.0 2458060.12604 0.0 2.0 1.0
0.160004400532 100242.477985 58453.3307177 0.905 0.0 2458060.12811 0.0 2.0 0.0
0.167232326705 97441.6279725 56861.996401 0.905 0.0 2458060.16946 0.0 3.0 0.0
0.167594453625 98060.8523125 57453.0388981 0.905 0.0 2458060.17154 0.0 3.0 1.0
0.167956547908 99302.712994 57644.1871684 0.905 0.0 2458060.17361 0.0 3.0 0.0
0.168318673932 99733.9612482 58208.0121037 0.905 0.0 2458060.17568 0.0 3.0 1.0
0.168680767808 100086.019412 58452.665559 0.905 0.0 2458060.17775 0.0 3.0 0.0
0.169042893181 95449.8701281 56143.6391969 0.905 0.0 2458060.17982 0.0 3.0 1.0
0.169404984371 99200.6394564 58249.4250059 0.905 0.0 2458060.18189 0.0 3.0 0.0
0.169767106896 96618.6309599 56734.6757162 0.905 0.0 2458060.18397 0.0 3.0 1.0
0.170129195889 95891.1758429 56062.0485998 0.905 0.0 2458060.18604 0.0 3.0 0.0
0.170491316216 98148.720515 57809.8706363 0.905 0.0 2458060.18811 0.0 3.0 1.0
0.17085340415 98802.2593518 57516.3788824 0.905 0.0 2458060.19018 0.0 3.0 0.0
0.171215523338 95110.1141841 55951.0312138 0.905 0.0 2458060.19225 0.0 3.0 1.0
0.171577608668 97451.4146442 56805.889045 0.905 0.0 2458060.19433 0.0 3.0 0.0
0.17880556463 98050.8839694 57164.9994064 0.905 0.0 2458060.23568 0.0 4.0 0.0
0.179167660052 96125.643884 56599.0830664 0.905 0.0 2458060.23775 0.0 4.0 1.0
0.17952978746 100698.177927 58698.7652925 0.905 0.0 2458060.23982 0.0 4.0 0.0
0.179891881092 99014.1563623 57855.5855848 0.905 0.0 2458060.2419 0.0 4.0 1.0
0.180254006383 102979.491914 59566.4529557 0.905 0.0 2458060.24397 0.0 4.0 0.0
0.180616098469 99431.2386718 57824.4517084 0.905 0.0 2458060.24604 0.0 4.0 1.0
0.18097822197 99597.6590549 58037.8618825 0.905 0.0 2458060.24811 0.0 4.0 0.0
0.181340312997 97647.1232164 57090.0301554 0.905 0.0 2458060.25018 0.0 4.0 1.0
0.181702435197 103407.87362 60062.2180107 0.905 0.0 2458060.25225 0.0 4.0 0.0
0.182064523213 93628.4728336 55514.1058824 0.905 0.0 2458060.25433 0.0 4.0 1.0
0.182426642482 99506.0138511 57973.293919 0.905 0.0 2458060.2564 0.0 4.0 0.0
0.182788728626 99756.9668996 58270.7669843 0.905 0.0 2458060.25847 0.0 4.0 1.0
0.183150846186 99289.5852429 57931.9214758 0.905 0.0 2458060.26054 0.0 4.0 0.0
