0.132929398226 296764.436353 60979.6814759 0.879 0.0 2458059.9732 0.0 0.0 0.0
0.133291493486 296726.453629 60984.764519 0.879 0.0 2458059.97527 0.0 0.0 1.0
0.133653619591 295783.31652 60802.178577 0.879 0.0 2458059.97734 0.0 0.0 0.0
0.134015712572 295248.628887 60519.5565393 0.879 0.0 2458059.97942 0.0 0.0 1.0
0.13437783705 298355.11361 61398.907351 0.879 0.0 2458059.98149 0.0 0.0 0.0
0.134739929135 292477.39269 59767.4179785 0.879 0.0 2458059.98356 0.0 0.0 1.0
0.135102052392 296199.994854 60663.2229186 0.879 0.0 2458059.98563 0.0 0.0 0.0
0.135464141385 299423.544045 61505.9639935 0.879 0.0 2458059.9877 0.0 0.0 1.0
0.135826261712 297282.469227 61089.4758474 0.879 0.0 2458059.98977 0.0 0.0 0.0
0.136188348589 297933.096802 61184.6718799 0.879 0.0 2458059.99185 0.0 0.0 1.0
0.136550466962 299927.652656 61729.9340941 0.879 0.0 2458059.99392 0.0 0.0 0.0
0.136912552944 295882.904726 60541.8284 0.879 0.0 2458059.99599 0.0 0.0 1.0
0.144085877796 299745.659058 61612.3804691 0.879 0.0 2458060.03703 0.0 1.0 0.0
0.144448004797 298042.942735 61202.7642708 0.879 0.0 2458060.0391 0.0 1.0 1.0
0.144810099161 295019.535384 60471.4217915 0.879 0.0 2458060.04118 0.0 1.0 0.0
0.145172225348 298163.416784 61032.0764214 0.879 0.0 2458060.04325 0.0 1.0 1.0
0.14553431841 296395.037191 60848.1707648 0.879 0.0 2458060.04532 0.0 1.0 0.0
0.145896443946 295148.666601 60313.6223705 0.879 0.0 2458060.04739 0.0 1.0 1.0
0.146258536032 302090.585692 62313.9456066 0.879 0.0 2458060.04946 0.0 1.0 0.0
0.146620658556 292641.790592 59711.8870412 0.879 0.0 2458060.05153 0.0 1.0 1.0
0.146982747712 298630.406321 61222.352535 0.879 0.0 2458060.05361 0.0 1.0 0.0
0.14734486812 299005.031583 61382.2047622 0.879 0.0 2458060.05568 0.0 1.0 1.0
0.147706955973 298690.320516 61460.1272694 0.879 0.0 2458060.05775 0.0 1.0 0.0
0.148069075324 295956.123547 60572.8721042 0.879 0.0 2458060.05982 0.0 1.0 1.0
0.148431160654 298947.796489 61318.344332 0.879 0.0 2458060.06189 0.0 1.0 0.0
0.155659118081 300046.830195 61837.0018746 0.879 0.0 2458060.10325 0.0 2.0 0.0
0.15602121277 299624.031635 61564.0212552 0.879 0.0 2458060.10532 0.0 2.0 1.0
0.156383340341 298220.401875 61353.610196 0.879 0.0 2458060.10739 0.0 2.0 0.0
0.15674543495 296528.517883 60881.8062426 0.879 0.0 2458060.10946 0.0 2.0 1.0
0.157107560323 294065.134177 60125.9029656 0.879 0.0 2458060.11154 0.0 2.0 0.0
0.157469652571 294455.631733 60180.2374931 0.879 0.0 2458060.11361 0.0 2.0 1.0
0.157831776154 302742.485189 62485.2183708 0.879 0.0 2458060.11568 0.0 2.0 0.0
0.158193867181 295983.671228 60498.0730773 0.879 0.0 2458060.11775 0.0 2.0 1.0
0.158555989461 298110.943147 61154.8635156 0.879 0.0 2458060.11982 0.0 2.0 0.0
0.158918077559 295807.632865 60580.6226014 0.879 0.0 2458060.12189 0.0 2.0 1.0
0.159280196909 298818.499443 61354.0215402 0.879 0.0 2458060.12397 0.0 2.0 0.0
0.159642282891 301235.930726 62014.0955158 0.879 0.0 2458060.12604 0.0 2.0 1.0
0.160004400532 300252.204008 61534.0045866 0.879 0.0 2458060.12811 0.0 2.0 0.0
0.167232326705 296254.13869 60728.9945872 0.879 0.0 2458060.16946 0.0 3.0 0.0
0.167594453625 298189.854227 61203.5726953 0.879 0.0 2458060.17154 0.0 3.0 1.0
0.167956547908 298504.58751 61246.6966069 0.879 0.0 2458060.17361 0.0 3.0 0.0
0.168318673932 299828.817757 61693.4668945 0.879 0.0 2458060.17568 0.0 3.0 1.0
0.168680767808 300078.246073 61679.3856066 0.879 0.0 2458060.17775 0.0 3.0 0.0
0.169042893181 294863.255926 60333.7914267 0.879 0.0 2458060.17982 0.0 3.0 1.0
0.169404984371 298766.950039 61355.8587766 0.879 0.0 2458060.18189 0.0 3.0 0.0
0.169767106896 297779.325637 60970.2137633 0.879 0.0 2458060.18397 0.0 3.0 1.0
0.170129195889 295510.921335 60298.7376611 0.879 0.0 2458060.18604 0.0 3.0 0.0
0.170491316216 298270.284594 61177.3811393 0.879 0.0 2458060.18811 0.0 3.0 1.0
0.17085340415 298713.843395 61219.3648061 0.879 0.0 2458060.19018 0.0 3.0 0.0
0.171215523338 295015.503106 60103.1314769 0.879 0.0 2458060.19225 0.0 3.0 1.0
0.171577608668 297040.003287 60698.1374879 0.879 0.0 2458060.19433 0.0 3.0 0.0
0.17880556463 296764.647261 60847.667458 0.879 0.0 2458060.23568 0.0 4.0 0.0
0.179167660052 296659.295373 60577.0893637 0.879 0.0 2458060.23775 0.0 4.0 1.0
0.17952978746 299961.61228 61720.6083778 0.879 0.0 2458060.23982 0.0 4.0 0.0
0.179891881092 298963.485985 61359.6461343 0.879 0.0 2458060.2419 0.0 4.0 1.0
0.180254006383 302894.254519 62437.2187824 0.879 0.0 2458060.24397 0.0 4.0 0.0
0.180616098469 300327.797817 61547.3717812 0.879 0.0 2458060.24604 0.0 4.0 1.0
0.18097822197 299476.154397 61444.088717 0.879 0.0 2458060.24811 0.0 4.0 0.0
0.181340312997 297800.484327 60883.9683915 0.879 0.0 2458060.25018 0.0 4.0 1.0
0.181702435197 304461.563494 62747.7455151 0.879 0.0 2458060.25225 0.0 4.0 0.0
0.182064523213 293925.436488 59848.0535273 0.879 0.0 2458060.25433 0.0 4.0 1.0
0.182426642482 300134.896847 61487.0591856 0.879 0.0 2458060.2564 0.0 4.0 0.0
0.182788728626 300719.062088 61739.498502 0.879 0.0 2458060.25847 0.0 4.0 1.0
0.183150846186 299877.304193 61474.1898052 0.879 0.0 2458060.26054 0.0 4.0 0.0
