#time 		photoelectrons 	error 		visit 	orbit 	scan 	wave_center 	wave_start 	wave_end
0.395048218673 13136309.9626 1008558.61776 1.12388888889 0.0 2458059.9732 0.0 0.0 0.0
0.396746528472 13206227.461 1014193.57047 1.12388888889 0.0 2458059.97527 0.0 0.0 1.0
0.398444982946 13181726.2693 1012338.42768 1.12388888889 0.0 2458059.97734 0.0 0.0 0.0
0.400143282056 13231654.2608 1016153.7699 1.12388888889 0.0 2458059.97942 0.0 0.0 1.0
0.401841728896 13211643.3728 1014575.24678 1.12388888889 0.0 2458059.98149 0.0 0.0 0.0
0.403540023807 13252602.2029 1017809.0362 1.12388888889 0.0 2458059.98356 0.0 0.0 1.0
0.40523846492 13225024.5469 1015694.53949 1.12388888889 0.0 2458059.98563 0.0 0.0 0.0
0.406936745325 13274481.4422 1019536.98129 1.12388888889 0.0 2458059.9877 0.0 0.0 1.0
0.408635172696 13244880.3578 1017172.25618 1.12388888889 0.0 2458059.98977 0.0 0.0 0.0
0.410333443177 13288087.1319 1020511.26096 1.12388888889 0.0 2458059.99185 0.0 0.0 1.0
0.412031861387 13255914.7923 1017960.49406 1.12388888889 0.0 2458059.99392 0.0 0.0 0.0
0.413730127668 13293058.6532 1020865.39786 1.12388888889 0.0 2458059.99599 0.0 0.0 1.0
0.447374666124 13233728.6252 1015718.96972 1.12388888889 0.0 2458060.03703 0.0 1.0 0.0
0.449073124797 13281295.818 1019803.18033 1.12388888889 0.0 2458060.0391 0.0 1.0 1.0
0.450771430397 13251251.8304 1017527.264 1.12388888889 0.0 2458060.04118 0.0 1.0 0.0
0.452469885252 13292915.8421 1020834.94791 1.12388888889 0.0 2458060.04325 0.0 1.0 1.0
0.454168184745 13263169.5742 1018507.17044 1.12388888889 0.0 2458060.04532 0.0 1.0 0.0
0.455866636546 13294827.1901 1020939.79686 1.12388888889 0.0 2458060.04739 0.0 1.0 1.0
0.457564931457 13263674.9669 1018559.68237 1.12388888889 0.0 2458060.04946 0.0 1.0 0.0
0.459263369135 13297859.0911 1021212.23923 1.12388888889 0.0 2458060.05153 0.0 1.0 1.0
0.460961650304 13259760.0728 1018278.92347 1.12388888889 0.0 2458060.05361 0.0 1.0 0.0
0.462660078057 13296287.8681 1021097.78171 1.12388888889 0.0 2458060.05568 0.0 1.0 1.0
0.464358353118 13266192.4475 1018750.61898 1.12388888889 0.0 2458060.05775 0.0 1.0 0.0
0.466056775909 13293305.0252 1020886.77635 1.12388888889 0.0 2458060.05982 0.0 1.0 1.0
0.467755039136 13255148.3229 1017914.70233 1.12388888889 0.0 2458060.06189 0.0 1.0 0.0
-0.498344183106 13227906.1213 1015302.12369 1.12388888889 0.0 2458060.10325 0.0 2.0 0.0
-0.49664587598 13277671.1583 1019580.41939 1.12388888889 0.0 2458060.10532 0.0 2.0 1.0
-0.494947414635 13248195.7705 1017350.19328 1.12388888889 0.0 2458060.10739 0.0 2.0 0.0
-0.49324910789 13283348.1671 1020039.35897 1.12388888889 0.0 2458060.10946 0.0 2.0 1.0
-0.491550656852 13241018.3349 1016771.60463 1.12388888889 0.0 2458060.11154 0.0 2.0 0.0
-0.489852361177 13277084.5868 1019669.86043 1.12388888889 0.0 2458060.11361 0.0 2.0 1.0
-0.488153918537 13244009.2933 1017086.76036 1.12388888889 0.0 2458060.11568 0.0 2.0 0.0
-0.486455628588 13268789.5418 1019003.87865 1.12388888889 0.0 2458060.11775 0.0 2.0 1.0
-0.484757192055 13230988.306 1016055.29651 1.12388888889 0.0 2458060.11982 0.0 2.0 0.0
-0.483058915849 13269289.0945 1019072.99197 1.12388888889 0.0 2458060.12189 0.0 2.0 1.0
-0.481360493059 13234883.8389 1016363.41597 1.12388888889 0.0 2458060.12397 0.0 2.0 0.0
-0.479662226778 13272667.5382 1019311.67451 1.12388888889 0.0 2458060.12604 0.0 2.0 1.0
-0.477963812004 13237247.9136 1016571.83285 1.12388888889 0.0 2458060.12811 0.0 2.0 0.0
-0.44406318083 13228463.1747 1015279.76744 1.12388888889 0.0 2458060.16946 0.0 3.0 0.0
-0.442364722539 13277041.5621 1019539.41252 1.12388888889 0.0 2458060.17154 0.0 3.0 1.0
-0.440666417321 13251534.6009 1017607.06129 1.12388888889 0.0 2458060.17361 0.0 3.0 0.0
-0.438967963229 13284161.6086 1020097.02435 1.12388888889 0.0 2458060.17568 0.0 3.0 1.0
-0.43726965992 13253456.7406 1017762.02167 1.12388888889 0.0 2458060.17775 0.0 3.0 0.0
-0.435571208881 13287250.1746 1020368.17495 1.12388888889 0.0 2458060.17982 0.0 3.0 1.0
-0.433872918169 13251169.6183 1017575.35493 1.12388888889 0.0 2458060.18189 0.0 3.0 0.0
-0.432174480491 13290817.2378 1020680.19067 1.12388888889 0.0 2458060.18397 0.0 3.0 1.0
-0.430476200086 13253667.2747 1017831.32283 1.12388888889 0.0 2458060.18604 0.0 3.0 0.0
-0.428777772715 13287010.329 1020393.20842 1.12388888889 0.0 2458060.18811 0.0 3.0 1.0
-0.427079497272 13259816.4422 1018308.84551 1.12388888889 0.0 2458060.19018 0.0 3.0 0.0
-0.425381075245 13293550.6688 1020902.67866 1.12388888889 0.0 2458060.19225 0.0 3.0 1.0
-0.423682812017 13262944.9582 1018489.81357 1.12388888889 0.0 2458060.19433 0.0 3.0 0.0
-0.389782041131 13236354.4002 1015810.15974 1.12388888889 0.0 2458060.23568 0.0 4.0 0.0
-0.388083730569 13286627.2902 1020213.07725 1.12388888889 0.0 2458060.23775 0.0 4.0 1.0
-0.386385269987 13262365.162 1018416.39392 1.12388888889 0.0 2458060.23982 0.0 4.0 0.0
-0.384686967824 13300552.9525 1021376.1567 1.12388888889 0.0 2458060.2419 0.0 4.0 1.0
-0.382988517167 13266446.5708 1018733.60127 1.12388888889 0.0 2458060.24397 0.0 4.0 0.0
-0.381290222256 13298007.225 1021250.50007 1.12388888889 0.0 2458060.24604 0.0 4.0 1.0
-0.379591779997 13266020.9971 1018729.03808 1.12388888889 0.0 2458060.24811 0.0 4.0 0.0
-0.377893490048 13301341.4384 1021530.42737 1.12388888889 0.0 2458060.25018 0.0 4.0 1.0
-0.376195053897 13274308.4391 1019396.63964 1.12388888889 0.0 2458060.25225 0.0 4.0 0.0
-0.374496778073 13302340.6411 1021546.5382 1.12388888889 0.0 2458060.25433 0.0 4.0 1.0
-0.372798355664 13267783.7622 1018862.34183 1.12388888889 0.0 2458060.2564 0.0 4.0 0.0
-0.371100088619 13297667.4756 1021210.56012 1.12388888889 0.0 2458060.25847 0.0 4.0 1.0
-0.369401674227 13268053.1034 1018874.6109 1.12388888889 0.0 2458060.26054 0.0 4.0 0.0
