#time 		photoelectrons 	error 		visit 	orbit 	scan 	wave_center 	wave_start 	wave_end
0.395048218673 14480205.3975 1109970.55764 1.02722222222 0.0 2458059.9732 0.0 0.0 0.0
0.396746528472 14555057.4306 1116027.80451 1.02722222222 0.0 2458059.97527 0.0 0.0 1.0
0.398444982946 14526392.8541 1113886.73723 1.02722222222 0.0 2458059.97734 0.0 0.0 0.0
0.400143282056 14583988.0814 1118283.23403 1.02722222222 0.0 2458059.97942 0.0 0.0 1.0
0.401841728896 14555793.863 1116175.61071 1.02722222222 0.0 2458059.98149 0.0 0.0 0.0
0.403540023807 14608200.9663 1120174.0242 1.02722222222 0.0 2458059.98356 0.0 0.0 1.0
0.40523846492 14579042.6035 1117952.99111 1.02722222222 0.0 2458059.98563 0.0 0.0 0.0
0.406936745325 14629823.5885 1121839.00652 1.02722222222 0.0 2458059.9877 0.0 0.0 1.0
0.408635172696 14597525.7426 1119381.94472 1.02722222222 0.0 2458059.98977 0.0 0.0 0.0
0.410333443177 14644707.4817 1122940.46408 1.02722222222 0.0 2458059.99185 0.0 0.0 1.0
0.412031861387 14610293.9389 1120313.13907 1.02722222222 0.0 2458059.99392 0.0 0.0 0.0
0.413730127668 14652644.5438 1123524.68755 1.02722222222 0.0 2458059.99599 0.0 0.0 1.0
0.447374666124 14581526.168 1117455.96593 1.02722222222 0.0 2458060.03703 0.0 1.0 0.0
0.449073124797 14635586.8811 1122042.91902 1.02722222222 0.0 2458060.0391 0.0 1.0 1.0
0.450771430397 14606761.9599 1119909.58812 1.02722222222 0.0 2458060.04118 0.0 1.0 0.0
0.452469885252 14652890.3108 1123489.30197 1.02722222222 0.0 2458060.04325 0.0 1.0 1.0
0.454168184745 14614282.2809 1120559.1416 1.02722222222 0.0 2458060.04532 0.0 1.0 0.0
0.455866636546 14657256.6016 1123849.00419 1.02722222222 0.0 2458060.04739 0.0 1.0 1.0
0.457564931457 14616787.7463 1120808.3353 1.02722222222 0.0 2458060.04946 0.0 1.0 0.0
0.459263369135 14655867.4733 1123774.24778 1.02722222222 0.0 2458060.05153 0.0 1.0 1.0
0.460961650304 14615357.1215 1120685.2196 1.02722222222 0.0 2458060.05361 0.0 1.0 0.0
0.462660078057 14656391.1747 1123796.00461 1.02722222222 0.0 2458060.05568 0.0 1.0 1.0
0.464358353118 14618103.021 1120907.30323 1.02722222222 0.0 2458060.05775 0.0 1.0 0.0
0.466056775909 14653627.3826 1123602.25158 1.02722222222 0.0 2458060.05982 0.0 1.0 1.0
0.467755039136 14611864.9135 1120386.4443 1.02722222222 0.0 2458060.06189 0.0 1.0 0.0
-0.498344183106 14579258.532 1117256.2021 1.02722222222 0.0 2458060.10325 0.0 2.0 0.0
-0.49664587598 14635776.8297 1122070.00388 1.02722222222 0.0 2458060.10532 0.0 2.0 1.0
-0.494947414635 14602428.0275 1119628.28543 1.02722222222 0.0 2458060.10739 0.0 2.0 0.0
-0.49324910789 14641012.1649 1122565.22389 1.02722222222 0.0 2458060.10946 0.0 2.0 1.0
-0.491550656852 14599958.4475 1119462.954 1.02722222222 0.0 2458060.11154 0.0 2.0 0.0
-0.489852361177 14637902.7071 1122446.86439 1.02722222222 0.0 2458060.11361 0.0 2.0 1.0
-0.488153918537 14593913.3222 1119079.56904 1.02722222222 0.0 2458060.11568 0.0 2.0 0.0
-0.486455628588 14629060.4558 1121733.79078 1.02722222222 0.0 2458060.11775 0.0 2.0 1.0
-0.484757192055 14586968.3552 1118510.04615 1.02722222222 0.0 2458060.11982 0.0 2.0 0.0
-0.483058915849 14625174.8828 1121463.35001 1.02722222222 0.0 2458060.12189 0.0 2.0 1.0
-0.481360493059 14587525.1185 1118565.35845 1.02722222222 0.0 2458060.12397 0.0 2.0 0.0
-0.479662226778 14628949.2269 1121752.07031 1.02722222222 0.0 2458060.12604 0.0 2.0 1.0
-0.477963812004 14596784.3775 1119285.11479 1.02722222222 0.0 2458060.12811 0.0 2.0 0.0
-0.44406318083 14581009.3095 1117335.66019 1.02722222222 0.0 2458060.16946 0.0 3.0 0.0
-0.442364722539 14636667.7726 1122139.31073 1.02722222222 0.0 2458060.17154 0.0 3.0 1.0
-0.440666417321 14606096.7734 1119883.0002 1.02722222222 0.0 2458060.17361 0.0 3.0 0.0
-0.438967963229 14645105.1476 1122867.08499 1.02722222222 0.0 2458060.17568 0.0 3.0 1.0
-0.43726965992 14608019.7158 1120088.0899 1.02722222222 0.0 2458060.17775 0.0 3.0 0.0
-0.435571208881 14645507.2788 1122972.45245 1.02722222222 0.0 2458060.17982 0.0 3.0 1.0
-0.433872918169 14607215.9613 1120016.9277 1.02722222222 0.0 2458060.18189 0.0 3.0 0.0
-0.432174480491 14646901.0198 1123089.52535 1.02722222222 0.0 2458060.18397 0.0 3.0 1.0
-0.430476200086 14609582.7859 1120271.92353 1.02722222222 0.0 2458060.18604 0.0 3.0 0.0
-0.428777772715 14650090.8628 1123341.58934 1.02722222222 0.0 2458060.18811 0.0 3.0 1.0
-0.427079497272 14613766.9256 1120586.81868 1.02722222222 0.0 2458060.19018 0.0 3.0 0.0
-0.425381075245 14654032.2961 1123643.40668 1.02722222222 0.0 2458060.19225 0.0 3.0 1.0
-0.423682812017 14616541.2482 1120758.22093 1.02722222222 0.0 2458060.19433 0.0 3.0 0.0
-0.389782041131 14590451.622 1117998.57141 1.02722222222 0.0 2458060.23568 0.0 4.0 0.0
-0.388083730569 14646332.4926 1122833.41734 1.02722222222 0.0 2458060.23775 0.0 4.0 1.0
-0.386385269987 14617249.9949 1120683.94793 1.02722222222 0.0 2458060.23982 0.0 4.0 0.0
-0.384686967824 14660513.0181 1124057.71251 1.02722222222 0.0 2458060.2419 0.0 4.0 1.0
-0.382988517167 14625420.4925 1121380.54844 1.02722222222 0.0 2458060.24397 0.0 4.0 0.0
-0.381290222256 14664334.8545 1124387.55229 1.02722222222 0.0 2458060.24604 0.0 4.0 1.0
-0.379591779997 14626347.3131 1121494.48715 1.02722222222 0.0 2458060.24811 0.0 4.0 0.0
-0.377893490048 14666959.0141 1124619.71305 1.02722222222 0.0 2458060.25018 0.0 4.0 1.0
-0.376195053897 14630034.7682 1121814.46724 1.02722222222 0.0 2458060.25225 0.0 4.0 0.0
-0.374496778073 14666131.7906 1124519.22303 1.02722222222 0.0 2458060.25433 0.0 4.0 1.0
-0.372798355664 14627695.3196 1121622.3283 1.02722222222 0.0 2458060.2564 0.0 4.0 0.0
-0.371100088619 14663822.8604 1124349.5667 1.02722222222 0.0 2458060.25847 0.0 4.0 1.0
-0.369401674227 14620740.0249 1121073.36899 1.02722222222 0.0 2458060.26054 0.0 4.0 0.0
