0.132929398226 3841919.79367 374134.024481 0.853 0.0 2458059.9732 0.0 0.0 0.0
0.133291493486 3862940.99252 376158.146639 0.853 0.0 2458059.97527 0.0 0.0 1.0
0.133653619591 3850659.35131 374936.120219 0.853 0.0 2458059.97734 0.0 0.0 0.0
0.134015712572 3868073.96475 376562.981246 0.853 0.0 2458059.97942 0.0 0.0 1.0
0.13437783705 3858619.17139 375702.752465 0.853 0.0 2458059.98149 0.0 0.0 0.0
0.134739929135 3873655.58703 377023.560268 0.853 0.0 2458059.98356 0.0 0.0 1.0
0.135102052392 3863903.5268 376097.930002 0.853 0.0 2458059.98563 0.0 0.0 0.0
0.135464141385 3883785.87286 378101.943074 0.853 0.0 2458059.9877 0.0 0.0 1.0
0.135826261712 3872688.47521 376882.319394 0.853 0.0 2458059.98977 0.0 0.0 0.0
0.136188348589 3885856.73331 378287.765198 0.853 0.0 2458059.99185 0.0 0.0 1.0
0.136550466962 3875945.25185 377292.596798 0.853 0.0 2458059.99392 0.0 0.0 0.0
0.136912552944 3888062.06405 378373.970024 0.853 0.0 2458059.99599 0.0 0.0 1.0
0.144085877796 3869438.67006 376602.139386 0.853 0.0 2458060.03703 0.0 1.0 0.0
0.144448004797 3888122.37345 378363.849437 0.853 0.0 2458060.0391 0.0 1.0 1.0
0.144810099161 3870072.02256 376659.203057 0.853 0.0 2458060.04118 0.0 1.0 0.0
0.145172225348 3888837.31446 378396.045698 0.853 0.0 2458060.04325 0.0 1.0 1.0
0.14553431841 3874384.85557 377120.849815 0.853 0.0 2458060.04532 0.0 1.0 0.0
0.145896443946 3891162.426 378670.89432 0.853 0.0 2458060.04739 0.0 1.0 1.0
0.146258536032 3880946.54737 377888.019014 0.853 0.0 2458060.04946 0.0 1.0 0.0
0.146620658556 3892379.22918 378755.169485 0.853 0.0 2458060.05153 0.0 1.0 1.0
0.146982747712 3882201.93394 377836.759556 0.853 0.0 2458060.05361 0.0 1.0 0.0
0.14734486812 3893556.37816 378909.452032 0.853 0.0 2458060.05568 0.0 1.0 1.0
0.147706955973 3882416.7762 377868.872441 0.853 0.0 2458060.05775 0.0 1.0 0.0
0.148069075324 3896103.35791 379179.160926 0.853 0.0 2458060.05982 0.0 1.0 1.0
0.148431160654 3881442.53881 377748.402201 0.853 0.0 2458060.06189 0.0 1.0 0.0
0.155659118081 3871124.46571 376834.065167 0.853 0.0 2458060.10325 0.0 2.0 0.0
0.15602121277 3892248.76679 378758.862609 0.853 0.0 2458060.10532 0.0 2.0 1.0
0.156383340341 3875638.61406 377298.508296 0.853 0.0 2458060.10739 0.0 2.0 0.0
0.15674543495 3888271.62355 378433.65806 0.853 0.0 2458060.10946 0.0 2.0 1.0
0.157107560323 3878054.30033 377267.550645 0.853 0.0 2458060.11154 0.0 2.0 0.0
0.157469652571 3890744.63482 378622.931099 0.853 0.0 2458060.11361 0.0 2.0 1.0
0.157831776154 3877742.42673 377564.570831 0.853 0.0 2458060.11568 0.0 2.0 0.0
0.158193867181 3890842.40494 378694.28304 0.853 0.0 2458060.11775 0.0 2.0 1.0
0.158555989461 3876393.04295 377216.988415 0.853 0.0 2458060.11982 0.0 2.0 0.0
0.158918077559 3891376.45511 378688.498429 0.853 0.0 2458060.12189 0.0 2.0 1.0
0.159280196909 3876024.23567 377221.165953 0.853 0.0 2458060.12397 0.0 2.0 0.0
0.159642282891 3893198.02536 378958.773477 0.853 0.0 2458060.12604 0.0 2.0 1.0
0.160004400532 3879304.43509 377518.321756 0.853 0.0 2458060.12811 0.0 2.0 0.0
0.167232326705 3871256.34976 376667.262336 0.853 0.0 2458060.16946 0.0 3.0 0.0
0.167594453625 3895080.60092 379074.924273 0.853 0.0 2458060.17154 0.0 3.0 1.0
0.167956547908 3879728.47232 377643.222563 0.853 0.0 2458060.17361 0.0 3.0 0.0
0.168318673932 3894849.34685 379059.680671 0.853 0.0 2458060.17568 0.0 3.0 1.0
0.168680767808 3879945.57634 377693.007184 0.853 0.0 2458060.17775 0.0 3.0 0.0
0.169042893181 3892331.46662 378781.950547 0.853 0.0 2458060.17982 0.0 3.0 1.0
0.169404984371 3881575.15604 377764.140976 0.853 0.0 2458060.18189 0.0 3.0 0.0
0.169767106896 3898896.69543 379469.665165 0.853 0.0 2458060.18397 0.0 3.0 1.0
0.170129195889 3879125.65721 377380.49183 0.853 0.0 2458060.18604 0.0 3.0 0.0
0.170491316216 3895878.04049 379147.61094 0.853 0.0 2458060.18811 0.0 3.0 1.0
0.17085340415 3880950.66279 377633.669696 0.853 0.0 2458060.19018 0.0 3.0 0.0
0.171215523338 3897830.21677 379234.150723 0.853 0.0 2458060.19225 0.0 3.0 1.0
0.171577608668 3884229.0416 377839.108319 0.853 0.0 2458060.19433 0.0 3.0 0.0
0.17880556463 3876971.53813 377237.576527 0.853 0.0 2458060.23568 0.0 4.0 0.0
0.179167660052 3896121.72962 379057.091521 0.853 0.0 2458060.23775 0.0 4.0 1.0
0.17952978746 3884765.0593 378149.392661 0.853 0.0 2458060.23982 0.0 4.0 0.0
0.179891881092 3899032.87959 379447.642024 0.853 0.0 2458060.2419 0.0 4.0 1.0
0.180254006383 3888678.84876 378588.82085 0.853 0.0 2458060.24397 0.0 4.0 0.0
0.180616098469 3899975.5668 379535.169364 0.853 0.0 2458060.24604 0.0 4.0 1.0
0.18097822197 3889403.71227 378501.688467 0.853 0.0 2458060.24811 0.0 4.0 0.0
0.181340312997 3902284.38351 379737.805607 0.853 0.0 2458060.25018 0.0 4.0 1.0
0.181702435197 3892421.6939 378875.965807 0.853 0.0 2458060.25225 0.0 4.0 0.0
0.182064523213 3901427.66105 379522.279509 0.853 0.0 2458060.25433 0.0 4.0 1.0
0.182426642482 3889625.02588 378472.123056 0.853 0.0 2458060.2564 0.0 4.0 0.0
0.182788728626 3902900.77712 379809.721568 0.853 0.0 2458060.25847 0.0 4.0 1.0
0.183150846186 3889838.86397 378487.925632 0.853 0.0 2458060.26054 0.0 4.0 0.0
