0 2458059.9732 117 26.518452 0.0
1 2458059.97527 107 21.42766 0.322618551719
2 2458059.97734 117 19.214165 -0.236783598314
3 2458059.97942 99 19.837584 0.133213611358
4 2458059.98149 118 17.185097 -0.37562507377
5 2458059.98356 99 17.963926 0.113413483904
6 2458059.98563 114 18.326061 -0.359351298637
7 2458059.9877 112 18.48022 0.116876842046
8 2458059.98977 113 18.99627 -0.74726859347
9 2458059.99185 102 19.176182 0.0545946975968
10 2458059.99392 111 18.540176 -0.589818566748
11 2458059.99599 103 19.324284 -0.0745609662569
12 2458060.03703 110 45.38078 0.420921045188
13 2458060.0391 112 32.72984 0.876415092461
14 2458060.04118 116 21.885538 0.129696834965
15 2458060.04325 110 19.976332 0.507385955616
16 2458060.04532 123 17.860455 -0.0821710065697
17 2458060.04739 106 18.689617 0.162890168567
18 2458060.04946 109 17.835918 -0.279391383065
19 2458060.05153 98 18.870358 0.0383055936177
20 2458060.05361 111 18.480005 -0.181786790436
21 2458060.05568 106 18.830687 0.162515558136
22 2458060.05775 117 18.254143 -0.43529433393
23 2458060.05982 116 19.51213 0.0727856021048
24 2458060.06189 125 17.373743 -0.711443312323
25 2458060.10325 105 46.903667 0.358818219038
26 2458060.10532 111 34.820988 0.621303681035
27 2458060.10739 119 20.872595 -0.079911196129
28 2458060.10946 100 20.22361 0.255876390799
29 2458060.11154 124 19.461632 -0.457985415457
30 2458060.11361 114 18.917084 0.393135640072
31 2458060.11568 115 17.884396 -0.439496598802
32 2458060.11775 104 18.876572 0.0380179681508
33 2458060.11982 108 19.342773 -0.484973508236
34 2458060.12189 105 18.192513 -0.168594020879
35 2458060.12397 130 17.690384 -0.667596421445
36 2458060.12604 92 19.66988 -0.114767054694
37 2458060.12811 111 18.21299 -0.691100089701
38 2458060.16946 129 45.33168 0.18016370874
39 2458060.17154 107 32.45327 0.450418888046
40 2458060.17361 105 23.285822 -0.210319412246
41 2458060.17568 102 20.821436 0.391806934868
42 2458060.17775 113 18.69741 -0.16100735023
43 2458060.17982 105 18.519688 0.163890875768
44 2458060.18189 127 18.816883 -0.248952749276
45 2458060.18397 100 19.589827 0.00278248749182
46 2458060.18604 116 17.758749 -0.393643080212
47 2458060.18811 99 19.914953 -0.0456583790682
48 2458060.19018 116 17.778038 -0.449916486602
49 2458060.19225 102 19.324974 -0.0279455724938
50 2458060.19433 122 17.151985 -0.699085466526
51 2458060.23568 121 45.057224 -0.231880645592
52 2458060.23775 110 33.09639 0.413722322068
53 2458060.23982 112 22.128563 -0.118414097805
54 2458060.2419 109 18.8889 0.279133571381
55 2458060.24397 115 18.240446 -0.132765690533
56 2458060.24604 110 19.585812 -0.0358097851812
57 2458060.24811 119 18.611423 -0.229248940809
58 2458060.25018 99 18.684473 0.0841157305079
59 2458060.25225 109 17.383327 -0.640819624136
60 2458060.25433 102 18.50118 -0.055740677262
61 2458060.2564 120 17.714268 -0.693958643778
62 2458060.25847 104 19.4398 -0.24716384901
63 2458060.26054 120 17.202824 -0.485160869895
