0.807291666667 -4.96668295862e-05 0.000136014634065
0.821875 0.00012908812507 0.000119109102358
0.836458333333 0.000132890034356 9.66664937959e-05
0.851041666667 1.92341650959e-05 9.5289544809e-05
0.865625 0.000280126337321 0.000106493977879
0.880208333333 0.000228304649867 9.2062903099e-05
0.894791666667 0.00020117656284 9.67985103871e-05
0.909375 0.000211982052647 8.98710993906e-05
0.923958333333 0.000175925904951 8.67217947186e-05
0.938541666667 0.000280655840476 8.72786941954e-05
0.953125 0.000380164908202 9.4562129405e-05
0.967708333333 0.00049022495485 7.86203270928e-05
0.982291666667 0.000395813258343 6.95416609101e-05
0.996875 0.000362259484435 9.61437498035e-05
1.01145833333 0.000554676178277 8.09848923144e-05
1.02604166667 0.000338003447587 8.56511055512e-05
1.040625 0.000390282587767 8.17182714582e-05
1.05520833333 0.000453227315658 8.34330178069e-05
1.06979166667 0.000467667423613 8.82999592821e-05
1.084375 0.00042075791564 0.000118565392678
1.09895833333 0.000577485318343 9.85039691981e-05
1.11354166667 0.000556165891069 0.000116037867847
1.128125 0.000508629544938 0.000147178822138
1.14270833333 0.00055674571191 0.000197676717201
