0 2458059.9732 108 26.5185 0.0 0.0
1 2458059.97527 103 21.4277 0.304634486465 -0.26067825107
2 2458059.97734 115 19.2142 -0.255328492765 -0.0488371458311
3 2458059.97942 99 19.8376 0.118551226665 -0.282055091558
4 2458059.98149 113 17.1851 -0.371301584494 -0.0500932948908
5 2458059.98356 97 17.9639 0.0836709325986 -0.28406192664
6 2458059.98563 106 18.3261 -0.362775781332 -0.0708650105411
7 2458059.9877 112 18.4802 0.0823056198575 -0.280939426967
8 2458059.98977 111 18.9963 -0.770829457945 -0.063334996282
9 2458059.99185 101 19.1762 0.0376119729312 -0.273867316951
10 2458059.99392 104 18.5402 -0.590391694269 -0.01605072368
11 2458059.99599 101 19.3243 -0.0794841849828 -0.251264866777
12 2458060.03703 105 45.3808 0.425711934397 -0.017028584284
13 2458060.0391 109 32.7298 0.848688619933 -0.26410765373
14 2458060.04118 111 21.8855 0.130883768107 -0.069858398799
15 2458060.04325 110 19.9763 0.504949884011 -0.312043272566
16 2458060.04532 116 17.8605 -0.0965005112661 -0.105754687448
17 2458060.04739 104 18.6896 0.14006121495 -0.331198703627
18 2458060.04946 103 17.8359 -0.292167443288 -0.0983024744956
19 2458060.05153 98 18.8704 0.0155623525631 -0.318064598462
20 2458060.05361 108 18.48 -0.168544275213 -0.086122241285
21 2458060.05568 102 18.8307 0.168287323458 -0.307516449519
22 2458060.05775 113 18.2541 -0.448353917716 -0.0828859898551
23 2458060.05982 113 19.5121 0.0513762418951 -0.300527958652
24 2458060.06189 117 17.3737 -0.707084472344 -0.069194406818
25 2458060.10325 100 46.9037 0.3583519524 -0.0535180552791
26 2458060.10532 110 34.821 0.60117333062 -0.30082336829
27 2458060.10739 110 20.8726 -0.0863584692905 -0.0714436920992
28 2458060.10946 100 20.2236 0.227559289414 -0.324788810069
29 2458060.11154 117 19.4616 -0.491525455352 -0.0846595267765
30 2458060.11361 113 18.9171 0.373884482922 -0.333786234046
31 2458060.11568 111 17.8844 -0.424368820108 -0.100957295704
32 2458060.11775 104 18.8766 0.0335736864302 -0.353184447883
33 2458060.11982 98 19.3428 -0.505099122359 -0.107757910737
34 2458060.12189 102 18.1925 -0.182738495975 -0.358331548637
35 2458060.12397 127 17.6904 -0.667793500627 -0.13634863438
36 2458060.12604 91 19.6699 -0.1331440274 -0.348900305556
37 2458060.12811 105 18.213 -0.702926549196 -0.0828892192698
38 2458060.16946 119 45.3317 0.168782365431 -0.131837448187
39 2458060.17154 106 32.4533 0.459771952328 -0.360395485036
40 2458060.17361 102 23.2858 -0.229207351054 -0.145436200109
41 2458060.17568 102 20.8214 0.386071134204 -0.374319878778
42 2458060.17775 108 18.6974 -0.181814801714 -0.170629900437
43 2458060.17982 105 18.5197 0.142761583117 -0.404356594797
44 2458060.18189 115 18.8169 -0.244332101264 -0.203077586941
45 2458060.18397 98 19.5898 0.00277711230585 -0.408106945746
46 2458060.18604 106 17.7587 -0.411301833768 -0.162798928652
47 2458060.18811 99 19.915 -0.0500752252016 -0.410355721503
48 2458060.19018 109 17.778 -0.447014041026 -0.148563833052
49 2458060.19225 101 19.325 -0.0620247176153 -0.403121176107
50 2458060.19433 113 17.152 -0.700731663376 -0.138687702915
51 2458060.23568 116 45.0572 -0.222054477892 -0.153370136874
52 2458060.23775 109 33.0964 0.40603464256 -0.376445464791
53 2458060.23982 104 22.1286 -0.144264223722 -0.143853633216
54 2458060.2419 108 18.8889 0.26569625908 -0.404406337139
55 2458060.24397 111 18.2404 -0.149343990503 -0.185698359468
56 2458060.24604 110 19.5858 -0.0455965552726 -0.420181382436
57 2458060.24811 111 18.6114 -0.244316291468 -0.190360176933
58 2458060.25018 99 18.6845 0.0619634152279 -0.428802537719
59 2458060.25225 103 17.3833 -0.610669871297 -0.199022171363
60 2458060.25433 101 18.5012 -0.0855242904041 -0.420179577721
61 2458060.2564 109 17.7143 -0.69706041943 -0.163880960407
62 2458060.25847 104 19.4398 -0.257877025232 -0.410473810667
63 2458060.26054 114 17.2028 -0.501626023656 -0.16509978224
