0.395048218673 1792605959.81 1868339439.62 1789881077.52 2077235514.34 2458059.9732 0 0 0
0.396746528472 1801807558.75 1878012920.75 1798787172.38 2085087282.18 2458059.97527 0 0 1
0.398444982946 1798314379.51 1874287402.04 1795888511.17 2081664219.27 2458059.97734 0 0 0
0.400143282056 1805476735.06 1881794235.09 1802482924.36 2090472675.8 2458059.97942 0 0 1
0.401841728896 1801850151.15 1877989215.77 1799467551.83 2081048505.54 2458059.98149 0 0 0
0.403540023807 1808656419.49 1885213613.21 1805686208.88 2089505459.19 2458059.98356 0 0 1
0.40523846492 1804817691.09 1881266975.89 1802529625.57 2090836826.11 2458059.98563 0 0 0
0.406936745325 1811408486.59 1888037458.89 1808421957.66 2096328117.16 2458059.9877 0 0 1
0.408635172696 1807238510.41 1883630558.15 1804844457.79 2091941632.65 2458059.98977 0 0 0
0.410333443177 1813301326.56 1889865316.01 1810166530.82 2098670968.23 2458059.99185 0 0 1
0.412031861387 1808809387.56 1885197090.08 1806354667.41 2090262500.02 2458059.99392 0 0 0
0.413730127668 1814116627.99 1890639652.7 1810946450.13 2098277438.95 2458059.99599 0 0 1
0.447374666124 1805176427.44 1880396669.84 1801930113.49 2090972039.04 2458060.03703 0 1 0
0.449073124797 1812363544.65 1888269778.48 1808881093.7 2096771484.36 2458060.0391 0 1 1
0.450771430397 1808341963.74 1884329864.71 1805772154.1 2091321880.48 2458060.04118 0 1 0
0.452469885252 1814325351.85 1890807566.24 1810973116.13 2104503902.14 2458060.04325 0 1 1
0.454168184745 1809674921.83 1886027907.61 1807132971.69 2094712854.24 2458060.04532 0 1 0
0.455866636546 1814749834.01 1891013432.78 1811439197.75 2099360175.6 2458060.04739 0 1 1
0.457564931457 1810152638.57 1886576261.51 1807483433.96 2095389892.41 2458060.04946 0 1 0
0.459263369135 1814877036.6 1891315826.85 1811548851.21 2100063161.95 2458060.05153 0 1 1
0.460961650304 1809971517.41 1886255372.33 1807388582.46 2092473976.22 2458060.05361 0 1 0
0.462660078057 1814920281.35 1891255509.98 1811515454.91 2100664897.11 2458060.05568 0 1 1
0.464358353118 1809928363.99 1886401069.43 1807336934.19 2093807724.52 2458060.05775 0 1 0
0.466056775909 1814544364.45 1890850849.78 1811092771.69 2101774552.19 2458060.05982 0 1 1
0.467755039136 1809445088.32 1885777330.67 1807087026.6 2093255218.75 2458060.06189 0 1 0
-0.498344183106 1805298997.31 1880383852.43 1802134623.77 2089637686.55 2458060.10325 0 2 0
-0.49664587598 1812202025.19 1888190777.89 1808455025.23 2101003198.29 2458060.10532 0 2 1
-0.494947414635 1808175696.0 1884465725.58 1805534843.09 2090269126.47 2458060.10739 0 2 0
-0.49324910789 1812836061.14 1888951145.68 1809326094.14 2096198338.31 2458060.10946 0 2 1
-0.491550656852 1807911094.69 1884161902.28 1805279335.23 2097303444.32 2458060.11154 0 2 0
-0.489852361177 1812515925.69 1888967749.71 1809129491.74 2100199650.16 2458060.11361 0 2 1
-0.488153918537 1807248904.08 1883671548.09 1804591673.03 2091497857.35 2458060.11568 0 2 0
-0.486455628588 1811555972.21 1888032413.92 1808175721.24 2094448800.3 2458060.11775 0 2 1
-0.484757192055 1806345148.06 1882637038.08 1803835336.67 2089829946.52 2458060.11982 0 2 0
-0.483058915849 1811229283.52 1887669550.57 1807729922.11 2097536864.4 2458060.12189 0 2 1
-0.481360493059 1806422966.26 1882572084.79 1803820193.6 2087778553.81 2458060.12397 0 2 0
-0.479662226778 1811768743.7 1888199245.92 1808358553.2 2099002906.98 2458060.12604 0 2 1
-0.477963812004 1807460166.08 1883712795.51 1805058659.57 2086528079.87 2458060.12811 0 2 0
-0.44406318083 1805575193.15 1880481152.83 1802225320.59 2091808913.28 2458060.16946 0 3 0
-0.442364722539 1812470409.35 1888747393.3 1808709204.28 2097302928.76 2458060.17154 0 3 1
-0.440666417321 1808400105.37 1884726955.11 1805670455.19 2096138882.03 2458060.17361 0 3 0
-0.438967963229 1813238563.27 1889339476.68 1809734580.63 2096676247.13 2458060.17568 0 3 1
-0.43726965992 1808658552.92 1884971377.91 1806040535.54 2096088210.15 2458060.17775 0 3 0
-0.435571208881 1813548990.13 1889976072.53 1810114289.67 2098001943.96 2458060.17982 0 3 1
-0.433872918169 1808611484.39 1884717836.04 1805930573.33 2092649603.39 2458060.18189 0 3 0
-0.432174480491 1813819425.9 1890288495.79 1810458784.33 2094760007.72 2458060.18397 0 3 1
-0.430476200086 1809037513.53 1885496134.54 1806390712.2 2095208568.03 2458060.18604 0 3 0
-0.428777772715 1813992382.18 1890274039.95 1810629977.63 2097527802.25 2458060.18811 0 3 1
-0.427079497272 1809752508.92 1886252307.8 1807137992.13 2095309352.84 2458060.19018 0 3 0
-0.425381075245 1814508629.22 1890809609.75 1811099410.6 2103856342.21 2458060.19225 0 3 1
-0.423682812017 1810095895.42 1886449223.06 1807708643.72 2093436643.67 2458060.19433 0 3 0
-0.389782041131 1806735305.29 1881460947.13 1803316369.49 2090398396.15 2458060.23568 0 4 0
-0.388083730569 1813805402.66 1889692002.48 1810116165.12 2097931792.73 2458060.23775 0 4 1
-0.386385269987 1809914845.71 1886050362.3 1807144718.89 2093263276.58 2458060.23982 0 4 0
-0.384686967824 1815247770.83 1891537595.38 1811773643.55 2101182860.64 2458060.2419 0 4 1
-0.382988517167 1810926653.39 1887175143.78 1808306647.32 2093324491.7 2458060.24397 0 4 0
-0.381290222256 1815984861.4 1892473294.49 1812555952.66 2101496349.5 2458060.24604 0 4 1
-0.379591779997 1811338807.55 1887699749.01 1808708485.77 2098437324.48 2458060.24811 0 4 0
-0.377893490048 1816332045.64 1892800879.58 1812954400.94 2099268601.51 2458060.25018 0 4 1
-0.376195053897 1811796554.89 1888411295.64 1809190105.67 2094857274.13 2458060.25225 0 4 0
-0.374496778073 1816094736.68 1892431784.21 1812665340.17 2102191110.19 2458060.25433 0 4 1
-0.372798355664 1811199433.85 1887665671.88 1808671189.8 2095807384.7 2458060.2564 0 4 0
-0.371100088619 1815694137.15 1891966673.57 1812345616.28 2102225318.2 2458060.25847 0 4 1
-0.369401674227 1810880914.39 1887261534.0 1808275776.74 2093924722.91 2458060.26054 0 4 0
