0.807 0.000100 0.000086 0.300 0.000 13.46
0.822 0.000183 0.000079 0.300 0.000 3.44
0.836 0.000178 0.000070 0.300 0.000 2.51
0.851 0.000100 0.000066 0.300 0.000 5.25
0.866 0.000303 0.000064 0.300 0.000 3.42
0.880 0.000259 0.000060 0.300 0.000 3.20
0.895 0.000226 0.000057 0.300 0.000 3.01
0.909 0.000236 0.000056 0.300 0.000 3.04
0.924 0.000203 0.000053 0.300 0.000 2.73
0.939 0.000314 0.000052 0.300 0.000 3.67
0.953 0.000407 0.000052 0.300 0.000 3.62
0.968 0.000511 0.000051 0.300 0.000 2.92
0.982 0.000421 0.000050 0.300 0.000 3.03
0.997 0.000382 0.000050 0.300 0.000 4.37
1.011 0.000578 0.000051 0.300 0.000 3.17
1.026 0.000387 0.000050 0.300 0.000 4.41
1.041 0.000436 0.000050 0.300 0.000 4.31
1.055 0.000469 0.000051 0.300 0.000 3.48
1.070 0.000491 0.000051 0.300 0.000 3.98
1.084 0.000479 0.000051 0.300 0.000 6.74
1.099 0.000582 0.000052 0.300 0.000 4.04
1.114 0.000592 0.000052 0.300 0.000 6.38
1.128 0.000546 0.000053 0.300 0.000 8.55
1.143 0.000679 0.000057 0.300 0.000 14.97
