0.804 0.000100 0.000134 0.300 0.000 3.96
0.811 0.000216 0.000125 0.300 0.000 1.53
0.818 0.000432 0.000120 0.300 0.000 2.24
0.825 0.000285 0.000114 0.300 0.000 1.95
0.832 0.000339 0.000108 0.300 0.000 3.03
0.839 0.000341 0.000103 0.300 0.000 2.50
0.846 0.000309 0.000099 0.300 0.000 2.67
0.854 0.000200 0.000097 0.300 0.000 4.30
0.861 0.000510 0.000095 0.300 0.000 5.11
0.868 0.000564 0.000094 0.300 0.000 6.18
0.875 0.000517 0.000092 0.300 0.000 6.08
0.882 0.000415 0.000089 0.300 0.000 5.32
0.889 0.000362 0.000087 0.300 0.000 5.64
0.896 0.000474 0.000079 0.300 0.000 6.77
0.904 0.000513 0.000083 0.300 0.000 5.75
0.911 0.000440 0.000083 0.300 0.000 6.43
0.918 0.000463 0.000075 0.300 0.000 8.36
0.925 0.000384 0.000080 0.300 0.000 5.77
0.932 0.000623 0.000074 0.300 0.000 6.70
0.939 0.000577 0.000071 0.300 0.000 5.78
0.946 0.000576 0.000077 0.300 0.000 6.01
0.954 0.000513 0.000076 0.300 0.000 6.40
0.961 0.000808 0.000078 0.300 0.000 5.90
0.968 0.000711 0.000070 0.300 0.000 5.97
0.975 0.000549 0.000075 0.300 0.000 5.15
0.982 0.000608 0.000074 0.300 0.000 4.90
0.989 0.000681 0.000075 0.300 0.000 3.91
0.996 0.000622 0.000075 0.300 0.000 6.42
1.004 0.000673 0.000075 0.300 0.000 4.23
1.011 0.000857 0.000077 0.300 0.000 4.79
1.018 0.000761 0.000075 0.300 0.000 5.61
1.025 0.000536 0.000070 0.300 0.000 4.41
1.032 0.000644 0.000075 0.300 0.000 5.10
1.039 0.000622 0.000075 0.300 0.000 5.30
1.046 0.000787 0.000075 0.300 0.000 7.93
1.054 0.000695 0.000070 0.300 0.000 7.87
1.061 0.000713 0.000076 0.300 0.000 8.62
1.068 0.000661 0.000070 0.300 0.000 8.11
1.075 0.000825 0.000071 0.300 0.000 8.99
1.082 0.000731 0.000076 0.300 0.000 6.23
1.089 0.000740 0.000076 0.300 0.000 6.67
1.096 0.000886 0.000079 0.300 0.000 8.12
1.104 0.000776 0.000079 0.300 0.000 9.00
1.111 0.000610 0.000077 0.300 0.000 5.82
1.118 0.000944 0.000078 0.300 0.000 4.96
1.125 0.000770 0.000079 0.300 0.000 7.68
1.132 0.000784 0.000080 0.300 0.000 7.41
1.139 0.001254 0.000077 0.300 0.000 12.60
1.146 0.000830 0.000089 0.300 0.000 9.54
