1799853331.5
1796363940.94
1803518528.25
1799895877.71
1806694764.02
1802860199.07
1809443846.25
1805278392.79
1811334633.25
1806847566.18
1812149050.41
1810397868.46
1806380649.32
1812457648.6
1808134223.51
1813624081.47
1809473141.34
1814601440.02
1809946139.76
1814920281.35
1809928363.99
1814544364.45
1809445088.32
1812202025.19
1808175696.0
1812836061.14
1807911094.69
1812515925.69
1807248904.08
1811555972.21
1806345148.06
1811229283.52
1806422966.26
1811768743.7
1807460166.08
1810504617.25
1806438727.89
1811271938.04
1806696895.13
1811582028.21
1806649877.65
1811852170.67
1807075444.73
1812024939.36
1807789664.64
1812540626.48
1808132678.7
1811838162.64
1807951825.36
1813278966.43
1808962535.64
1814015257.55
1809374242.78
1814362065.24
1809831493.65
1814125013.66
1809235020.24
1813724848.62
1808916846.25
