0.807 0.000935 0.000201 0.300 0.000 2.75
0.807 0.000935 0.000333 0.300 0.000 1.00
0.822 0.000733 0.000176 0.300 0.000 1.98
0.822 0.000733 0.000247 0.300 0.000 1.00
0.836 0.000658 0.000160 0.300 0.000 2.06
0.836 0.000658 0.000230 0.300 0.000 1.00
0.851 0.000358 0.000148 0.300 0.000 1.84
0.851 0.000358 0.000201 0.300 0.000 1.00
0.866 0.000398 0.000139 0.300 0.000 2.21
0.866 0.000398 0.000207 0.300 0.000 1.00
0.880 0.000406 0.000136 0.300 0.000 1.86
0.880 0.000406 0.000185 0.300 0.000 1.00
0.895 0.000532 0.000134 0.300 0.000 2.19
0.895 0.000532 0.000198 0.300 0.000 1.00
0.909 0.000404 0.000131 0.300 0.000 2.41
0.909 0.000404 0.000203 0.300 0.000 1.00
0.924 0.000343 0.000126 0.300 0.000 1.97
0.924 0.000343 0.000176 0.300 0.000 1.00
0.939 0.000559 0.000118 0.300 0.000 1.82
0.939 0.000559 0.000159 0.300 0.000 1.00
0.953 0.000742 0.000126 0.300 0.000 2.38
0.953 0.000742 0.000194 0.300 0.000 1.00
0.968 0.000689 0.000122 0.300 0.000 1.90
0.968 0.000689 0.000168 0.300 0.000 1.00
0.982 0.000763 0.000124 0.300 0.000 1.58
0.982 0.000763 0.000155 0.300 0.000 1.00
0.997 0.000571 0.000124 0.300 0.000 2.59
0.997 0.000571 0.000199 0.300 0.000 1.00
1.011 0.000787 0.000125 0.300 0.000 1.93
1.011 0.000787 0.000174 0.300 0.000 1.00
1.026 0.000533 0.000124 0.300 0.000 1.85
1.026 0.000533 0.000169 0.300 0.000 1.00
1.041 0.000599 0.000123 0.300 0.000 1.62
1.041 0.000599 0.000157 0.300 0.000 1.00
1.055 0.000640 0.000124 0.300 0.000 1.91
1.055 0.000640 0.000171 0.300 0.000 1.00
1.070 0.000745 0.000125 0.300 0.000 2.77
1.070 0.000745 0.000209 0.300 0.000 1.00
1.084 0.000407 0.000121 0.300 0.000 4.61
1.084 0.000407 0.000259 0.300 0.000 1.00
1.099 0.000500 0.000123 0.300 0.000 2.99
1.099 0.000500 0.000212 0.300 0.000 1.00
1.114 0.000862 0.000130 0.300 0.000 5.43
1.114 0.000862 0.000303 0.300 0.000 1.00
1.128 0.000795 0.000131 0.300 0.000 7.11
1.128 0.000795 0.000349 0.300 0.000 1.00
1.143 0.001352 0.000151 0.300 0.000 11.33
1.143 0.001352 0.000507 0.300 0.000 1.00
