0.804 0.000100 0.000134 0.300 0.000 4.60
0.811 0.000218 0.000125 0.300 0.000 1.61
0.818 0.000439 0.000120 0.300 0.000 1.80
0.825 0.000289 0.000114 0.300 0.000 1.72
0.832 0.000348 0.000108 0.300 0.000 2.64
0.839 0.000337 0.000103 0.300 0.000 1.49
0.846 0.000292 0.000099 0.300 0.000 1.63
0.854 0.000174 0.000097 0.300 0.000 1.92
0.861 0.000482 0.000095 0.300 0.000 2.09
0.868 0.000527 0.000094 0.300 0.000 2.92
0.875 0.000485 0.000092 0.300 0.000 2.13
0.882 0.000382 0.000089 0.300 0.000 1.76
0.889 0.000329 0.000087 0.300 0.000 1.69
0.896 0.000425 0.000085 0.300 0.000 2.65
0.904 0.000480 0.000083 0.300 0.000 2.79
0.911 0.000414 0.000083 0.300 0.000 2.19
0.918 0.000422 0.000080 0.300 0.000 3.50
0.925 0.000346 0.000080 0.300 0.000 2.41
0.932 0.000559 0.000080 0.300 0.000 3.26
0.939 0.000498 0.000071 0.300 0.000 2.50
0.946 0.000554 0.000077 0.300 0.000 2.44
0.954 0.000480 0.000076 0.300 0.000 3.98
0.961 0.000789 0.000078 0.300 0.000 2.68
0.968 0.000632 0.000070 0.300 0.000 3.68
0.975 0.000518 0.000075 0.300 0.000 3.09
0.982 0.000580 0.000074 0.300 0.000 2.57
0.989 0.000656 0.000075 0.300 0.000 2.10
0.996 0.000596 0.000075 0.300 0.000 3.74
1.004 0.000642 0.000075 0.300 0.000 2.96
1.011 0.000834 0.000078 0.300 0.000 2.97
1.018 0.000739 0.000075 0.300 0.000 3.50
1.025 0.000507 0.000075 0.300 0.000 2.83
1.032 0.000622 0.000075 0.300 0.000 3.66
1.039 0.000598 0.000075 0.300 0.000 4.65
1.046 0.000760 0.000075 0.300 0.000 7.91
1.054 0.000662 0.000075 0.300 0.000 7.81
1.061 0.000681 0.000076 0.300 0.000 8.68
1.068 0.000614 0.000076 0.300 0.000 7.52
1.075 0.000773 0.000071 0.300 0.000 7.93
1.082 0.000716 0.000076 0.300 0.000 6.11
1.089 0.000716 0.000076 0.300 0.000 5.88
1.096 0.000860 0.000079 0.300 0.000 7.85
1.104 0.000765 0.000079 0.300 0.000 9.31
1.111 0.000585 0.000077 0.300 0.000 5.10
1.118 0.000934 0.000078 0.300 0.000 4.85
1.125 0.000771 0.000079 0.300 0.000 7.91
1.132 0.000742 0.000080 0.300 0.000 6.06
1.139 0.001184 0.000077 0.300 0.000 11.81
1.146 0.000803 0.000089 0.300 0.000 10.96
