0.804 0.000395 0.000104 0.300 0.000 2.42
0.811 0.000421 0.000097 0.300 0.000 1.61
0.818 0.000458 0.000093 0.300 0.000 1.84
0.825 0.000390 0.000089 0.300 0.000 1.50
0.832 0.000404 0.000084 0.300 0.000 1.63
0.839 0.000346 0.000080 0.300 0.000 1.39
0.846 0.000360 0.000077 0.300 0.000 1.43
0.854 0.000256 0.000075 0.300 0.000 1.84
0.861 0.000413 0.000074 0.300 0.000 1.72
0.868 0.000429 0.000073 0.300 0.000 2.24
0.875 0.000446 0.000072 0.300 0.000 1.55
0.882 0.000347 0.000069 0.300 0.000 1.43
0.889 0.000264 0.000068 0.300 0.000 1.47
0.896 0.000363 0.000066 0.300 0.000 1.70
0.904 0.000282 0.000065 0.300 0.000 2.25
0.911 0.000415 0.000065 0.300 0.000 1.98
0.918 0.000320 0.000063 0.300 0.000 2.22
0.925 0.000186 0.000062 0.300 0.000 1.68
0.932 0.000470 0.000062 0.300 0.000 1.76
0.939 0.000321 0.000060 0.300 0.000 1.54
0.946 0.000423 0.000060 0.300 0.000 1.92
0.954 0.000285 0.000059 0.300 0.000 3.19
0.961 0.000680 0.000061 0.300 0.000 2.04
0.968 0.000495 0.000059 0.300 0.000 2.01
0.975 0.000413 0.000058 0.300 0.000 1.73
0.982 0.000435 0.000058 0.300 0.000 1.42
0.989 0.000464 0.000058 0.300 0.000 0.98
0.996 0.000418 0.000058 0.300 0.000 2.44
1.004 0.000402 0.000059 0.300 0.000 2.69
1.011 0.000689 0.000060 0.300 0.000 2.64
1.018 0.000478 0.000059 0.300 0.000 2.20
1.025 0.000388 0.000058 0.300 0.000 1.65
1.032 0.000380 0.000058 0.300 0.000 1.87
1.039 0.000442 0.000058 0.300 0.000 1.81
1.046 0.000492 0.000058 0.300 0.000 1.75
1.054 0.000404 0.000059 0.300 0.000 1.63
1.061 0.000443 0.000059 0.300 0.000 2.18
1.068 0.000432 0.000059 0.300 0.000 2.18
1.075 0.000471 0.000059 0.300 0.000 2.14
1.082 0.000411 0.000059 0.300 0.000 3.30
1.089 0.000451 0.000059 0.300 0.000 4.05
1.096 0.000597 0.000061 0.300 0.000 3.39
1.104 0.000523 0.000061 0.300 0.000 2.46
1.111 0.000329 0.000060 0.300 0.000 5.22
1.118 0.000648 0.000061 0.300 0.000 4.21
1.125 0.000520 0.000061 0.300 0.000 7.83
1.132 0.000425 0.000062 0.300 0.000 6.23
1.139 0.000448 0.000064 0.300 0.000 9.46
1.146 0.000241 0.000074 0.300 0.000 5.01
