0.395048218673 1786445202.26 1853012959.99 1784828262.14 1960572381.46 2458059.9732 0 0 0
0.396746528472 1794711739.43 1861212314.29 1793350597.67 1966889714.5 2458059.97527 0 0 1
0.398444982946 1791730339.32 1858272382.89 1790175676.46 1964598804.11 2458059.97734 0 0 0
0.400143282056 1798330511.06 1864896284.2 1797001103.5 1970042932.72 2458059.97942 0 0 1
0.401841728896 1795272718.85 1861966037.12 1793874745.85 1966390559.31 2458059.98149 0 0 0
0.403540023807 1801439680.63 1868045414.0 1800233274.79 1971302192.31 2458059.98356 0 0 1
0.40523846492 1798203225.8 1865150998.01 1796714098.31 1973159182.05 2458059.98563 0 0 0
0.406936745325 1804190245.29 1870965887.9 1802973336.18 1976964340.34 2458059.9877 0 0 1
0.408635172696 1800573665.02 1867371149.05 1799008206.37 1973886493.63 2458059.98977 0 0 0
0.410333443177 1806031621.86 1872630432.6 1804601832.43 1980167437.72 2458059.99185 0 0 1
0.412031861387 1802146381.98 1868887187.97 1800623630.6 1973194070.99 2458059.99392 0 0 0
0.413730127668 1806880205.37 1873519171.24 1805475859.98 1978508799.12 2458059.99599 0 0 1
0.447374666124 1799110964.86 1865256269.87 1797147724.96 1973938816.52 2458060.03703 0 1 0
0.449073124797 1805308707.4 1871561238.12 1803844020.68 1976885314.43 2458060.0391 0 1 1
0.450771430397 1801821413.43 1868400927.09 1800262044.73 1974153438.97 2458060.04118 0 1 0
0.452469885252 1807157987.71 1873857631.66 1805641533.71 1983819757.1 2458060.04325 0 1 1
0.454168184745 1803114108.73 1869957317.23 1801553282.32 1977196688.06 2458060.04532 0 1 0
0.455866636546 1807581693.86 1874098285.45 1806245333.04 1980397788.32 2458060.04739 0 1 1
0.457564931457 1803449763.66 1870183566.76 1801705310.54 1975803694.92 2458060.04946 0 1 0
0.459263369135 1807649453.01 1874238522.2 1806175964.74 1979263016.33 2458060.05153 0 1 1
0.460961650304 1803416449.82 1870227624.38 1801900635.5 1975780874.76 2458060.05361 0 1 0
0.462660078057 1807653414.43 1874206497.67 1805987312.54 1982029779.58 2458060.05568 0 1 1
0.464358353118 1803282113.4 1870133370.92 1801615240.97 1976638275.22 2458060.05775 0 1 0
0.466056775909 1807335539.61 1873905471.2 1805797659.45 1981922491.25 2458060.05982 0 1 1
0.467755039136 1802867668.09 1869705937.62 1801419176.01 1976749369.53 2458060.06189 0 1 0
-0.498344183106 1799225731.15 1865305509.73 1797309115.58 1972529748.1 2458060.10325 0 2 0
-0.49664587598 1805187885.79 1871623530.56 1803524212.47 1982372339.02 2458060.10532 0 2 1
-0.494947414635 1801607547.96 1868396882.69 1799900266.69 1974382886.63 2458060.10739 0 2 0
-0.49324910789 1805678748.0 1872105642.39 1804197606.54 1978148286.86 2458060.10946 0 2 1
-0.491550656852 1801219258.23 1867810484.12 1799435549.04 1976697945.77 2458060.11154 0 2 0
-0.489852361177 1805281187.97 1871888344.0 1803800666.54 1979857857.44 2458060.11361 0 2 1
-0.488153918537 1800594935.4 1867338531.75 1798912856.93 1972193699.32 2458060.11568 0 2 0
-0.486455628588 1804256646.61 1870754797.36 1802660161.38 1974998623.6 2458060.11775 0 2 1
-0.484757192055 1799770552.27 1866521700.78 1798129429.76 1972423831.21 2458060.11982 0 2 0
-0.483058915849 1803933009.0 1870503408.64 1802419662.4 1976736236.42 2458060.12189 0 2 1
-0.481360493059 1799817327.99 1866472819.79 1798267858.18 1970626301.78 2458060.12397 0 2 0
-0.479662226778 1804506999.28 1871121149.47 1802911093.43 1978052076.14 2458060.12604 0 2 1
-0.477963812004 1800841235.72 1867535960.82 1799329933.4 1972288677.98 2458060.12811 0 2 0
-0.44406318083 1799495813.23 1865367095.81 1797448469.16 1973723860.24 2458060.16946 0 3 0
-0.442364722539 1805265305.95 1871686134.58 1803450965.7 1979045451.99 2458060.17154 0 3 1
-0.440666417321 1801827562.05 1868635800.44 1800079326.53 1977087298.62 2458060.17361 0 3 0
-0.438967963229 1806034918.5 1872347187.7 1804400643.88 1976894236.65 2458060.17568 0 3 1
-0.43726965992 1802044124.18 1868794478.66 1800350263.68 1976853018.02 2458060.17775 0 3 0
-0.435571208881 1806332349.81 1872924177.2 1804849715.62 1978926238.74 2458060.17982 0 3 1
-0.433872918169 1802100122.66 1868830064.87 1800436301.89 1976136836.01 2458060.18189 0 3 0
-0.432174480491 1806528028.13 1873114951.91 1805022478.16 1977279957.17 2458060.18397 0 3 1
-0.430476200086 1802383538.45 1869213311.23 1800656017.66 1976385617.46 2458060.18604 0 3 0
-0.428777772715 1806722330.27 1873116391.78 1805161821.33 1977126469.48 2458060.18811 0 3 1
-0.427079497272 1803166039.06 1870132691.7 1801527807.08 1979853345.37 2458060.19018 0 3 0
-0.425381075245 1807318767.43 1873868553.13 1805825540.3 1983086762.71 2458060.19225 0 3 1
-0.423682812017 1803505211.62 1870331419.08 1801950070.46 1976482700.17 2458060.19433 0 3 0
-0.389782041131 1800762988.51 1866660532.92 1798775185.82 1974081230.93 2458060.23568 0 4 0
-0.388083730569 1806723539.52 1872883822.94 1805093878.28 1978018633.05 2458060.23775 0 4 1
-0.386385269987 1803364046.7 1870031313.44 1801616968.45 1975955281.62 2458060.23982 0 4 0
-0.384686967824 1808055116.97 1874498865.49 1806472566.6 1980894006.47 2458060.2419 0 4 1
-0.382988517167 1804325622.66 1870998199.15 1802699224.05 1975993934.43 2458060.24397 0 4 0
-0.381290222256 1808725256.88 1875366948.82 1807317808.52 1981626549.85 2458060.24604 0 4 1
-0.379591779997 1804673566.82 1871404218.34 1803030380.12 1978284684.15 2458060.24811 0 4 0
-0.377893490048 1809062454.48 1875657999.06 1807641251.78 1981611283.56 2458060.25018 0 4 1
-0.376195053897 1805209344.24 1872235299.12 1803641762.95 1978245849.01 2458060.25225 0 4 0
-0.374496778073 1808844195.7 1875303598.04 1807392926.73 1981403549.83 2458060.25433 0 4 1
-0.372798355664 1804575116.79 1871491265.98 1802923051.42 1979387268.46 2458060.2564 0 4 0
-0.371100088619 1808436870.91 1874877932.69 1807043626.73 1981590139.93 2458060.25847 0 4 1
-0.369401674227 1804228076.4 1871010073.51 1802607263.37 1976672724.04 2458060.26054 0 4 0
