0 2458059.9732 103 27.7872 0.0 0.0
1 2458059.97527 107 22.7133 0.295477689975 -11.394820358
2 2458059.97734 100 19.437 -0.318454891045 -9.97724543679
3 2458059.97942 97 21.2437 0.408478264784 -12.4046037754
4 2458059.98149 106 20.6239 -0.136456952732 -4.996642771
5 2458059.98356 105 21.3273 0.373755574092 -15.432636418
6 2458059.98563 110 19.2006 -0.398716490944 -11.984834672
7 2458059.9877 96 19.2703 0.473440985381 5.27461937905
8 2458059.98977 115 19.3926 -0.649408158092 -5.01662270491
9 2458059.99185 112 19.7565 0.398691049046 -9.41299016048
10 2458059.99392 103 19.4417 -0.50303940913 -11.9946817711
11 2458059.99599 105 20.9316 0.0156009789058 -14.4192956096
12 2458060.03703 107 44.9321 0.460416615291 -5.97229439179
13 2458060.0391 97 34.0306 1.0097585375 -12.4118561423
14 2458060.04118 105 23.1814 0.0273689810963 -11.0330846763
15 2458060.04325 112 22.1559 0.724234037648 5.2663060638
16 2458060.04532 114 20.4085 0.192259753895 -3.04362691392
17 2458060.04739 109 21.6848 0.408010384302 -15.4873843392
18 2458060.04946 111 19.6675 -0.371849513001 -13.0358242912
19 2458060.05153 106 20.7672 0.396076558166 -9.47014277663
20 2458060.05361 107 18.1549 -0.13586185993 -12.0465194408
21 2458060.05568 107 20.8698 0.492075755632 -8.43421339912
22 2458060.05775 107 19.7838 -0.34255631279 -11.0671723237
23 2458060.05982 111 21.245 0.27361414802 -2.407458505
24 2458060.06189 109 20.1398 -0.692072201317 -3.03185627187
25 2458060.10325 118 47.2381 0.356937089116 -10.0448394876
26 2458060.10532 98 33.3778 0.683160907836 5.27653054247
27 2458060.10739 107 24.3299 -0.137153358127 5.95881386757
28 2458060.10946 105 21.3061 0.533854656765 -9.46885314547
29 2458060.11154 111 20.2132 -0.515227036107 -20.0716422956
30 2458060.11361 110 20.8338 0.592344924097 -9.45216658679
31 2458060.11568 112 18.0192 -0.164851076206 -27.1068870557
32 2458060.11775 107 20.3615 0.432688265545 -22.5430094273
33 2458060.11982 118 18.8714 -0.596646455076 6.90548085795
34 2458060.12189 102 21.3777 0.146270364322 -17.4956850158
35 2458060.12397 112 18.8174 -0.658326182444 -11.0439578766
36 2458060.12604 101 19.7954 0.101127122655 -0.270609512141
37 2458060.12811 126 18.9157 -0.845821707891 10.9342025797
38 2458060.16946 107 45.9467 0.148825782767 -18.1023592966
39 2458060.17154 117 33.2045 0.872357981724 -12.5186757522
40 2458060.17361 111 23.3058 -0.306933829399 -9.10894314082
41 2458060.17568 101 20.4988 0.42062577429 -15.5254009147
42 2458060.17775 104 19.9191 -0.204118650399 -10.104458928
43 2458060.17982 99 22.8354 0.294202883506 -7.47528019701
44 2458060.18189 104 20.1632 -0.172630045198 6.83626621197
45 2458060.18397 104 19.2131 0.235827351596 -21.5624896541
46 2458060.18604 112 19.1008 -0.309967066864 -10.1402384686
47 2458060.18811 112 20.2902 0.398268007267 -21.5457533342
48 2458060.19018 103 19.1576 -0.263395324603 -10.087391182
49 2458060.19225 104 20.8506 0.0317929004169 16.2259198088
50 2458060.19433 117 20.3934 -0.536380850164 -8.1012617714
51 2458060.23568 99 44.5034 -0.134223829466 -12.1133410739
52 2458060.23775 100 31.8873 0.58685158358 -18.5573552342
53 2458060.23982 123 22.0608 -0.294387129422 6.85054720221
54 2458060.2419 106 21.7042 0.588666156751 -2.48682594894
55 2458060.24397 120 20.9594 -0.214440717856 6.84393514938
56 2458060.24604 102 19.7282 0.323648264778 -12.5873413548
57 2458060.24811 112 19.593 -0.248568713189 -19.1782700617
58 2458060.25018 104 21.6549 0.435556347947 -16.558857175
59 2458060.25225 110 19.1434 -0.561699339326 -13.1418147883
60 2458060.25433 108 20.4149 0.0925047483053 -7.54976875094
61 2458060.2564 113 19.5614 -0.770977179477 -9.15480423882
62 2458060.25847 108 22.2583 0.202343223037 -8.5732714085
63 2458060.26054 114 19.9422 -0.466442640069 -12.1590685825
