0.807291666667 0.000235163513177 0.000121911575971
0.821875 0.00037759044261 0.000101645792488
0.836458333333 0.000447708615807 8.3008830599e-05
0.851041666667 0.000368190259419 7.79683196308e-05
0.865625 0.000562710907556 8.61228039646e-05
0.880208333333 0.000526109733256 7.33043663402e-05
0.894791666667 0.000477651985181 7.86123313125e-05
0.909375 0.00049729332971 7.78328163248e-05
0.923958333333 0.000483596513745 7.01230029435e-05
0.938541666667 0.000589915549388 6.21440305203e-05
0.953125 0.000649310432519 7.14972746948e-05
0.967708333333 0.000749503270097 6.32297960814e-05
0.982291666667 0.000660620757205 5.66438711117e-05
0.996875 0.000626640258351 7.39879127337e-05
1.01145833333 0.000824411839801 6.22974265738e-05
1.02604166667 0.000706722520727 6.5681401321e-05
1.040625 0.000729541316373 5.99995039101e-05
1.05520833333 0.000717180210612 6.18508606452e-05
1.06979166667 0.000743797784645 7.47258953801e-05
1.084375 0.00079474600558 0.000100260487341
1.09895833333 0.000838817324087 9.44605897351e-05
1.11354166667 0.00080867345056 0.000110987337563
1.128125 0.000800229372568 0.000123896024325
1.14270833333 0.000766119648571 0.000196409324836
