0 2458059.9732 225 26.5185 0.0
1 2458059.97527 217 21.4277 0.310642063182
2 2458059.97734 232 19.2142 -0.196709556329
3 2458059.97942 204 19.8376 0.121692524665
4 2458059.98149 236 17.1851 -0.355410643145
5 2458059.98356 214 17.9639 0.0983788726311
6 2458059.98563 225 18.3261 -0.372224210486
7 2458059.9877 213 18.4802 0.142004201205
8 2458059.98977 228 18.9963 -0.762569993335
9 2458059.99185 212 19.1762 0.0458634321038
10 2458059.99392 227 18.5402 -0.569152623052
11 2458059.99599 216 19.3243 -0.0792889336333
12 2458060.03703 219 45.3808 0.428506564515
13 2458060.0391 218 32.7298 0.851224191167
14 2458060.04118 242 21.8855 0.171269041542
15 2458060.04325 211 19.9763 0.514934646107
16 2458060.04532 231 17.8605 0.0276452679523
17 2458060.04739 216 18.6896 0.130412470882
18 2458060.04946 223 17.8359 -0.205726750134
19 2458060.05153 208 18.8704 0.0250900874256
20 2458060.05361 228 18.48 -0.162169942181
21 2458060.05568 209 18.8307 0.179667973089
22 2458060.05775 231 18.2541 -0.397251994517
23 2458060.05982 217 19.5121 0.0524724555217
24 2458060.06189 236 17.3737 -0.670393317475
25 2458060.10325 240 46.9037 0.436834968143
26 2458060.10532 226 34.821 0.624779352468
27 2458060.10739 230 20.8726 0.0581554105451
28 2458060.10946 210 20.2236 0.282011760303
29 2458060.11154 238 19.4616 -0.451804524303
30 2458060.11361 220 18.9171 0.366172704159
31 2458060.11568 219 17.8844 -0.372498098841
32 2458060.11775 218 18.8766 0.00130035355313
33 2458060.11982 230 19.3428 -0.458601716144
34 2458060.12189 210 18.1925 -0.190569683985
35 2458060.12397 247 17.6904 -0.650921138903
36 2458060.12604 218 19.6699 -0.0793106983158
37 2458060.12811 230 18.213 -0.629775295001
38 2458060.16946 225 45.3317 0.20014636769
39 2458060.17154 229 32.4533 0.444534349165
40 2458060.17361 228 23.2858 -0.173598234909
41 2458060.17568 219 20.8214 0.398050854425
42 2458060.17775 237 18.6974 -0.103973022976
43 2458060.17982 218 18.5197 0.126897046938
44 2458060.18189 228 18.8169 -0.193303624501
45 2458060.18397 214 19.5898 0.000181403508007
46 2458060.18604 231 17.7587 -0.373052973963
47 2458060.18811 220 19.915 -0.0238681556649
48 2458060.19018 232 17.778 -0.424885154101
49 2458060.19225 223 19.325 -0.0459830743738
50 2458060.19433 235 17.152 -0.700145008409
51 2458060.23568 231 45.0572 -0.214319401731
52 2458060.23775 213 33.0964 0.399000874872
53 2458060.23982 225 22.1286 -0.0728243955279
54 2458060.2419 222 18.8889 0.285890756034
55 2458060.24397 241 18.2404 -0.0617751477799
56 2458060.24604 224 19.5858 0.0225439518365
57 2458060.24811 226 18.6114 -0.20572586997
58 2458060.25018 216 18.6845 0.0547195730755
59 2458060.25225 234 17.3833 -0.581683714797
60 2458060.25433 223 18.5012 -0.0885560077591
61 2458060.2564 241 17.7143 -0.650937593488
62 2458060.25847 217 19.4398 -0.232010904436
63 2458060.26054 226 17.2028 -0.469508077322
