0.807 0.000100 0.000056 0.300 0.000 19.99
0.822 0.000100 0.000051 0.300 0.000 14.17
0.836 0.000100 0.000000 0.300 0.000 5.82
0.851 0.000100 0.000000 0.300 0.000 4.72
0.866 0.000193 0.000042 0.300 0.000 4.85
0.880 0.000311 0.000040 0.300 0.000 2.74
0.895 0.000434 0.000039 0.300 0.000 2.47
0.909 0.000468 0.000038 0.300 0.000 2.44
0.924 0.000592 0.000037 0.300 0.000 2.36
0.939 0.000679 0.000036 0.300 0.000 2.42
0.953 0.000784 0.000036 0.300 0.000 2.91
0.968 0.000830 0.000036 0.300 0.000 2.31
0.982 0.000811 0.000035 0.300 0.000 2.24
0.997 0.000766 0.000035 0.300 0.000 3.38
1.011 0.000904 0.000036 0.300 0.000 2.74
1.026 0.000855 0.000035 0.300 0.000 2.94
1.041 0.000830 0.000035 0.300 0.000 2.33
1.055 0.000839 0.000035 0.300 0.000 2.77
1.070 0.000864 0.000036 0.300 0.000 3.49
1.084 0.000898 0.000036 0.300 0.000 5.34
1.099 0.000854 0.000036 0.300 0.000 4.43
1.114 0.000892 0.000036 0.300 0.000 5.35
1.128 0.000776 0.000037 0.300 0.000 6.07
1.143 0.000540 0.000040 0.300 0.000 11.15
