0.807 0.000280 0.000057 0.300 0.000 264422868.63
0.822 0.000280 0.000063 0.300 0.000 181365622.28
0.836 0.000279 0.000071 0.300 0.000 116051238.66
0.851 0.000278 0.000076 0.300 0.000 81217709.63
0.866 0.000277 0.000078 0.300 0.000 67650037.82
0.880 0.000276 0.000083 0.300 0.000 46708087.97
0.895 0.000274 0.000087 0.300 0.000 31289113.59
0.909 0.000273 0.000090 0.300 0.000 24631538.04
0.924 0.000100 0.000000 0.300 0.000 2917257.07
0.939 0.000266 0.000096 0.300 0.000 10820756.80
0.953 0.000100 0.000000 0.300 0.000 1406088.56
0.968 0.000100 0.000000 0.300 0.000 1349814.50
0.982 0.000100 0.000000 0.300 0.000 770745.27
0.997 0.000773 0.000119 0.300 0.000 13.33
1.011 0.000100 0.000000 0.300 0.000 1098200.32
1.026 0.000100 0.000000 0.300 0.000 895842.34
1.041 0.000100 0.000000 0.300 0.000 862549.27
1.055 0.000100 0.000000 0.300 0.000 1125083.83
1.070 0.000100 0.000000 0.300 0.000 1269075.80
1.084 0.000260 0.000099 0.300 0.000 8174569.66
1.099 0.000269 0.000095 0.300 0.000 13456148.10
1.114 0.001500 0.000000 0.300 0.000 153.32
1.128 0.000268 0.000094 0.300 0.000 15049731.69
1.143 0.000276 0.000083 0.300 0.000 44544715.36
