0.804 0.000100 0.000134 0.300 0.000 4.12
0.811 0.000218 0.000125 0.300 0.000 1.48
0.818 0.000435 0.000120 0.300 0.000 2.10
0.825 0.000289 0.000114 0.300 0.000 1.42
0.832 0.000333 0.000108 0.300 0.000 1.86
0.839 0.000328 0.000103 0.300 0.000 1.89
0.846 0.000302 0.000099 0.300 0.000 1.39
0.854 0.000194 0.000097 0.300 0.000 2.55
0.861 0.000493 0.000095 0.300 0.000 2.85
0.868 0.000543 0.000094 0.300 0.000 4.12
0.875 0.000498 0.000092 0.300 0.000 1.90
0.882 0.000393 0.000089 0.300 0.000 2.13
0.889 0.000342 0.000087 0.300 0.000 2.63
0.896 0.000417 0.000085 0.300 0.000 2.09
0.904 0.000489 0.000083 0.300 0.000 3.66
0.911 0.000420 0.000083 0.300 0.000 2.78
0.918 0.000424 0.000080 0.300 0.000 2.98
0.925 0.000360 0.000080 0.300 0.000 4.25
0.932 0.000563 0.000080 0.300 0.000 2.39
0.939 0.000505 0.000077 0.300 0.000 2.21
0.946 0.000565 0.000077 0.300 0.000 2.50
0.954 0.000491 0.000076 0.300 0.000 3.67
0.961 0.000801 0.000078 0.300 0.000 2.87
0.968 0.000634 0.000070 0.300 0.000 2.37
0.975 0.000534 0.000075 0.300 0.000 2.28
0.982 0.000585 0.000074 0.300 0.000 1.90
0.989 0.000663 0.000075 0.300 0.000 1.17
0.996 0.000607 0.000075 0.300 0.000 3.29
1.004 0.000660 0.000075 0.300 0.000 3.90
1.011 0.000843 0.000078 0.300 0.000 4.41
1.018 0.000739 0.000076 0.300 0.000 2.88
1.025 0.000515 0.000075 0.300 0.000 2.24
1.032 0.000620 0.000075 0.300 0.000 2.14
1.039 0.000600 0.000075 0.300 0.000 2.13
1.046 0.000767 0.000075 0.300 0.000 2.88
1.054 0.000678 0.000076 0.300 0.000 2.72
1.061 0.000701 0.000076 0.300 0.000 3.65
1.068 0.000679 0.000076 0.300 0.000 2.97
1.075 0.000769 0.000076 0.300 0.000 3.35
1.082 0.000723 0.000076 0.300 0.000 3.79
1.089 0.000713 0.000076 0.300 0.000 4.39
1.096 0.000857 0.000079 0.300 0.000 4.56
1.104 0.000765 0.000079 0.300 0.000 4.39
1.111 0.000624 0.000077 0.300 0.000 5.07
1.118 0.000915 0.000078 0.300 0.000 4.03
1.125 0.000747 0.000079 0.300 0.000 7.74
1.132 0.000773 0.000080 0.300 0.000 6.62
1.139 0.001232 0.000077 0.300 0.000 10.51
1.146 0.000848 0.000089 0.300 0.000 8.09
