0.807 0.000100 0.000059 0.300 0.000 3.13
0.822 0.000107 0.000053 0.300 0.000 3.38
0.836 0.000292 0.000048 0.300 0.000 1.72
0.851 0.000236 0.000045 0.300 0.000 2.07
0.866 0.000384 0.000043 0.300 0.000 2.77
0.880 0.000428 0.000041 0.300 0.000 2.07
0.895 0.000480 0.000039 0.300 0.000 2.37
0.909 0.000478 0.000038 0.300 0.000 2.44
0.924 0.000555 0.000037 0.300 0.000 2.21
0.939 0.000583 0.000035 0.300 0.000 2.18
0.953 0.000679 0.000035 0.300 0.000 2.64
0.968 0.000708 0.000035 0.300 0.000 1.81
0.982 0.000652 0.000034 0.300 0.000 1.59
0.997 0.000620 0.000034 0.300 0.000 2.73
1.011 0.000799 0.000035 0.300 0.000 2.24
1.026 0.000706 0.000034 0.300 0.000 2.03
1.041 0.000677 0.000034 0.300 0.000 1.92
1.055 0.000698 0.000034 0.300 0.000 2.36
1.070 0.000735 0.000035 0.300 0.000 2.91
1.084 0.000778 0.000035 0.300 0.000 4.89
1.099 0.000785 0.000036 0.300 0.000 4.20
1.114 0.000807 0.000036 0.300 0.000 4.92
1.128 0.000719 0.000036 0.300 0.000 6.24
1.143 0.000644 0.000041 0.300 0.000 10.04
