0.807 0.001056 0.000070 0.300 0.000 7.38
0.822 0.000820 0.000060 0.300 0.000 3.53
0.836 0.000747 0.000052 0.300 0.000 3.25
0.851 0.000529 0.000047 0.300 0.000 2.41
0.866 0.000623 0.000045 0.300 0.000 2.81
0.880 0.000561 0.000042 0.300 0.000 2.22
0.895 0.000529 0.000039 0.300 0.000 2.41
0.909 0.000488 0.000038 0.300 0.000 2.44
0.924 0.000519 0.000037 0.300 0.000 2.16
0.939 0.000497 0.000035 0.300 0.000 2.54
0.953 0.000586 0.000035 0.300 0.000 3.13
0.968 0.000600 0.000034 0.300 0.000 2.33
0.982 0.000516 0.000033 0.300 0.000 2.67
0.997 0.000494 0.000034 0.300 0.000 3.54
1.011 0.000706 0.000035 0.300 0.000 2.50
1.026 0.000579 0.000034 0.300 0.000 2.68
1.041 0.000547 0.000033 0.300 0.000 3.07
1.055 0.000576 0.000034 0.300 0.000 3.29
1.070 0.000622 0.000034 0.300 0.000 3.46
1.084 0.000672 0.000034 0.300 0.000 5.48
1.099 0.000720 0.000036 0.300 0.000 4.32
1.114 0.000730 0.000035 0.300 0.000 4.96
1.128 0.000666 0.000036 0.300 0.000 6.62
1.143 0.000761 0.000041 0.300 0.000 9.69
