0.807 0.000100 0.000000 0.300 0.000 3.19
0.822 0.000100 0.000028 0.300 0.000 98113898.87
0.836 0.000201 0.000063 0.300 0.000 1.65
0.851 0.000215 0.000058 0.300 0.000 2.16
0.866 0.000364 0.000057 0.300 0.000 2.79
0.880 0.000378 0.000054 0.300 0.000 2.14
0.895 0.000423 0.000051 0.300 0.000 2.37
0.909 0.000493 0.000050 0.300 0.000 2.56
0.924 0.000547 0.000049 0.300 0.000 2.28
0.939 0.000602 0.000047 0.300 0.000 2.22
0.953 0.000684 0.000047 0.300 0.000 2.67
0.968 0.000680 0.000046 0.300 0.000 1.82
0.982 0.000691 0.000045 0.300 0.000 1.62
0.997 0.000631 0.000045 0.300 0.000 2.80
1.011 0.000819 0.000046 0.300 0.000 2.21
1.026 0.000745 0.000045 0.300 0.000 1.98
1.041 0.000700 0.000045 0.300 0.000 2.02
1.055 0.000747 0.000046 0.300 0.000 2.36
1.070 0.000803 0.000046 0.300 0.000 2.98
1.084 0.000794 0.000046 0.300 0.000 5.18
1.099 0.000824 0.000048 0.300 0.000 4.11
1.114 0.000820 0.000047 0.300 0.000 5.11
1.128 0.000100 0.000000 0.300 0.000 666076.05
1.143 0.000700 0.000054 0.300 0.000 10.48
