1.084 0.000388 0.000128 0.300 0.000 5.06
1.084 0.000388 0.000287 0.300 0.000 1.00
1.055 0.000823 0.000127 0.300 0.000 2.50
1.055 0.000823 0.000200 0.300 0.000 1.00
1.041 0.000714 0.000126 0.300 0.000 1.98
1.041 0.000714 0.000177 0.300 0.000 1.00
0.939 0.000597 0.000130 0.300 0.000 2.36
0.939 0.000597 0.000200 0.300 0.000 1.00
0.866 0.000201 0.000153 0.300 0.000 3.39
0.866 0.000201 0.000282 0.300 0.000 1.00
1.026 0.000600 0.000126 0.300 0.000 2.21
1.026 0.000600 0.000187 0.300 0.000 1.00
1.143 0.000962 0.000136 0.300 0.000 11.09
1.143 0.000962 0.000451 0.300 0.000 1.00
0.807 0.000100 0.000000 0.300 0.000 9.85
0.807 0.000100 0.000000 0.300 0.000 1.00
1.011 0.000872 0.000129 0.300 0.000 2.76
1.011 0.000872 0.000214 0.300 0.000 1.00
0.982 0.000882 0.000125 0.300 0.000 2.33
0.982 0.000882 0.000191 0.300 0.000 1.00
0.968 0.000843 0.000128 0.300 0.000 2.48
0.968 0.000843 0.000201 0.300 0.000 1.00
0.997 0.000805 0.000126 0.300 0.000 3.35
0.997 0.000805 0.000231 0.300 0.000 1.00
0.836 0.000100 0.000000 0.300 0.000 3.40
0.836 0.000100 0.000000 0.300 0.000 1.00
0.822 0.000100 0.000179 0.300 0.000 12.31
0.822 0.000100 0.000629 0.300 0.000 1.00
0.953 0.000858 0.000129 0.300 0.000 2.85
0.953 0.000858 0.000218 0.300 0.000 1.00
0.895 0.000468 0.000142 0.300 0.000 2.40
0.895 0.000468 0.000221 0.300 0.000 1.00
1.099 0.000793 0.000132 0.300 0.000 3.09
1.099 0.000793 0.000232 0.300 0.000 1.00
0.880 0.000343 0.000149 0.300 0.000 2.26
0.880 0.000343 0.000224 0.300 0.000 1.00
0.909 0.000474 0.000139 0.300 0.000 2.51
0.909 0.000474 0.000221 0.300 0.000 1.00
1.070 0.000886 0.000128 0.300 0.000 3.59
1.070 0.000886 0.000242 0.300 0.000 1.00
1.114 0.001086 0.000131 0.300 0.000 5.83
1.114 0.001086 0.000316 0.300 0.000 1.00
1.128 0.000906 0.000133 0.300 0.000 6.64
1.128 0.000906 0.000343 0.300 0.000 1.00
0.924 0.000347 0.000119 0.300 0.000 2.32
0.924 0.000347 0.000181 0.300 0.000 1.00
0.851 0.000100 0.000000 0.300 0.000 3.45
0.851 0.000100 0.000000 0.300 0.000 1.00
