#time 		photoelectrons 	error 		visit 	orbit 	scan 	wave_center 	wave_start 	wave_end
0.395048218673 14092615.7713 182833.387195 1.03 0.0 2458059.9732 0.0 0.0 0.0
0.396746528472 14158577.3519 183669.187404 1.03 0.0 2458059.97527 0.0 0.0 1.0
0.398444982946 14135460.9087 183398.258263 1.03 0.0 2458059.97734 0.0 0.0 0.0
0.400143282056 14186566.1036 184025.72276 1.03 0.0 2458059.97942 0.0 0.0 1.0
0.401841728896 14163424.9352 183768.772288 1.03 0.0 2458059.98149 0.0 0.0 0.0
0.403540023807 14210896.9744 184344.006877 1.03 0.0 2458059.98356 0.0 0.0 1.0
0.40523846492 14185373.6994 184044.865384 1.03 0.0 2458059.98563 0.0 0.0 0.0
0.406936745325 14231209.0219 184608.517572 1.03 0.0 2458059.9877 0.0 0.0 1.0
0.408635172696 14202813.7052 184256.585067 1.03 0.0 2458059.98977 0.0 0.0 0.0
0.410333443177 14245888.9896 184789.424117 1.03 0.0 2458059.99185 0.0 0.0 1.0
0.412031861387 14216182.43 184439.963465 1.03 0.0 2458059.99392 0.0 0.0 0.0
0.413730127668 14251775.3872 184854.27022 1.03 0.0 2458059.99599 0.0 0.0 1.0
0.447374666124 14194068.2021 184114.362203 1.03 0.0 2458060.03703 0.0 1.0 0.0
0.449073124797 14241192.2037 184714.603922 1.03 0.0 2458060.0391 0.0 1.0 1.0
0.450771430397 14212795.4273 184389.118781 1.03 0.0 2458060.04118 0.0 1.0 0.0
0.452469885252 14253327.7223 184872.751997 1.03 0.0 2458060.04325 0.0 1.0 1.0
0.454168184745 14221220.8619 184495.205361 1.03 0.0 2458060.04532 0.0 1.0 0.0
0.455866636546 14256585.9433 184925.556592 1.03 0.0 2458060.04739 0.0 1.0 1.0
0.457564931457 14224107.1905 184534.718163 1.03 0.0 2458060.04946 0.0 1.0 0.0
0.459263369135 14256335.1073 184915.629218 1.03 0.0 2458060.05153 0.0 1.0 1.0
0.460961650304 14223872.7583 184543.192701 1.03 0.0 2458060.05361 0.0 1.0 0.0
0.462660078057 14256612.2669 184913.508101 1.03 0.0 2458060.05568 0.0 1.0 1.0
0.464358353118 14222118.2382 184513.11738 1.03 0.0 2458060.05775 0.0 1.0 0.0
0.466056775909 14254057.787 184893.384659 1.03 0.0 2458060.05982 0.0 1.0 1.0
0.467755039136 14218869.4533 184472.739514 1.03 0.0 2458060.06189 0.0 1.0 0.0
-0.498344183106 14192772.6414 184103.223025 1.03 0.0 2458060.10325 0.0 2.0 0.0
-0.49664587598 14237615.312 184680.596552 1.03 0.0 2458060.10532 0.0 2.0 1.0
-0.494947414635 14207920.753 184317.9435 1.03 0.0 2458060.10739 0.0 2.0 0.0
-0.49324910789 14240754.8677 184714.941465 1.03 0.0 2458060.10946 0.0 2.0 1.0
-0.491550656852 14204615.8511 184264.530748 1.03 0.0 2458060.11154 0.0 2.0 0.0
-0.489852361177 14237595.2496 184683.468748 1.03 0.0 2458060.11361 0.0 2.0 1.0
-0.488153918537 14200607.3589 184243.89376 1.03 0.0 2458060.11568 0.0 2.0 0.0
-0.486455628588 14228800.2563 184559.328325 1.03 0.0 2458060.11775 0.0 2.0 1.0
-0.484757192055 14192859.4839 184122.900944 1.03 0.0 2458060.11982 0.0 2.0 0.0
-0.483058915849 14226805.3922 184538.516426 1.03 0.0 2458060.12189 0.0 2.0 1.0
-0.481360493059 14193428.5367 184144.466613 1.03 0.0 2458060.12397 0.0 2.0 0.0
-0.479662226778 14229650.4491 184569.336749 1.03 0.0 2458060.12604 0.0 2.0 1.0
-0.477963812004 14200347.6374 184222.937667 1.03 0.0 2458060.12811 0.0 2.0 0.0
-0.44406318083 14194588.9834 184114.763374 1.03 0.0 2458060.16946 0.0 3.0 0.0
-0.442364722539 14236740.8242 184640.105786 1.03 0.0 2458060.17154 0.0 3.0 1.0
-0.440666417321 14210112.1303 184342.835212 1.03 0.0 2458060.17361 0.0 3.0 0.0
-0.438967963229 14244298.9696 184751.071855 1.03 0.0 2458060.17568 0.0 3.0 1.0
-0.43726965992 14211182.7106 184359.949711 1.03 0.0 2458060.17775 0.0 3.0 0.0
-0.435571208881 14245565.8675 184780.93651 1.03 0.0 2458060.17982 0.0 3.0 1.0
-0.433872918169 14212095.5165 184373.915967 1.03 0.0 2458060.18189 0.0 3.0 0.0
-0.432174480491 14246731.9627 184794.387807 1.03 0.0 2458060.18397 0.0 3.0 1.0
-0.430476200086 14213511.0124 184392.299919 1.03 0.0 2458060.18604 0.0 3.0 0.0
-0.428777772715 14249444.9919 184818.048131 1.03 0.0 2458060.18811 0.0 3.0 1.0
-0.427079497272 14220409.4682 184492.278855 1.03 0.0 2458060.19018 0.0 3.0 0.0
-0.425381075245 14254627.44 184902.40369 1.03 0.0 2458060.19225 0.0 3.0 1.0
-0.423682812017 14222947.3809 184522.596169 1.03 0.0 2458060.19433 0.0 3.0 0.0
-0.389782041131 14204234.8228 184239.301975 1.03 0.0 2458060.23568 0.0 4.0 0.0
-0.388083730569 14249062.8377 184803.515785 1.03 0.0 2458060.23775 0.0 4.0 1.0
-0.386385269987 14221385.1974 184478.660264 1.03 0.0 2458060.23982 0.0 4.0 0.0
-0.384686967824 14259303.4959 184945.851728 1.03 0.0 2458060.2419 0.0 4.0 1.0
-0.382988517167 14228319.1117 184574.080444 1.03 0.0 2458060.24397 0.0 4.0 0.0
-0.381290222256 14264119.0312 185014.641984 1.03 0.0 2458060.24604 0.0 4.0 1.0
-0.379591779997 14231607.8435 184622.649585 1.03 0.0 2458060.24811 0.0 4.0 0.0
-0.377893490048 14267198.6084 185058.477116 1.03 0.0 2458060.25018 0.0 4.0 1.0
-0.376195053897 14236682.7505 184712.502432 1.03 0.0 2458060.25225 0.0 4.0 0.0
-0.374496778073 14264954.079 185025.47218 1.03 0.0 2458060.25433 0.0 4.0 1.0
-0.372798355664 14230575.1563 184617.954444 1.03 0.0 2458060.2564 0.0 4.0 0.0
-0.371100088619 14261462.511 184974.871976 1.03 0.0 2458060.25847 0.0 4.0 1.0
-0.369401674227 14228266.818 184587.544183 1.03 0.0 2458060.26054 0.0 4.0 0.0
