#time 		photoelectrons 	error 		visit 	orbit 	scan 	wave_center 	wave_start 	wave_end
0.395048218673 13101844.1158 4523597.69238 1.09642857143 0.0 2458059.9732 0.0 0.0 0.0
0.396746528472 13171733.9869 4547339.82443 1.09642857143 0.0 2458059.97527 0.0 0.0 1.0
0.398444982946 13141020.1692 4537308.41144 1.09642857143 0.0 2458059.97734 0.0 0.0 0.0
0.400143282056 13199891.0773 4556690.75528 1.09642857143 0.0 2458059.97942 0.0 0.0 1.0
0.401841728896 13175901.4439 4549527.02919 1.09642857143 0.0 2458059.98149 0.0 0.0 0.0
0.403540023807 13224333.2308 4565168.93425 1.09642857143 0.0 2458059.98356 0.0 0.0 1.0
0.40523846492 13199652.3244 4557403.27158 1.09642857143 0.0 2458059.98563 0.0 0.0 0.0
0.406936745325 13241944.3029 4571268.97774 1.09642857143 0.0 2458059.9877 0.0 0.0 1.0
0.408635172696 13212569.2133 4561611.32099 1.09642857143 0.0 2458059.98977 0.0 0.0 0.0
0.410333443177 13253125.0421 4574909.04239 1.09642857143 0.0 2458059.99185 0.0 0.0 1.0
0.412031861387 13223881.5514 4565582.62554 1.09642857143 0.0 2458059.99392 0.0 0.0 0.0
0.413730127668 13257939.6886 4576326.43625 1.09642857143 0.0 2458059.99599 0.0 0.0 1.0
0.447374666124 13202118.8835 4557353.86856 1.09642857143 0.0 2458060.03703 0.0 1.0 0.0
0.449073124797 13253680.3697 4574734.43111 1.09642857143 0.0 2458060.0391 0.0 1.0 1.0
0.450771430397 13216074.29 4562856.64325 1.09642857143 0.0 2458060.04118 0.0 1.0 0.0
0.452469885252 13260429.8055 4577154.6781 1.09642857143 0.0 2458060.04325 0.0 1.0 1.0
0.454168184745 13228830.8256 4567070.34515 1.09642857143 0.0 2458060.04532 0.0 1.0 0.0
0.455866636546 13257339.2511 4576336.56498 1.09642857143 0.0 2458060.04739 0.0 1.0 1.0
0.457564931457 13232783.9591 4568352.29919 1.09642857143 0.0 2458060.04946 0.0 1.0 0.0
0.459263369135 13260033.2876 4577020.86439 1.09642857143 0.0 2458060.05153 0.0 1.0 1.0
0.460961650304 13231178.5668 4568161.67397 1.09642857143 0.0 2458060.05361 0.0 1.0 0.0
0.462660078057 13269997.8866 4580333.36898 1.09642857143 0.0 2458060.05568 0.0 1.0 1.0
0.464358353118 13221001.7801 4564668.43107 1.09642857143 0.0 2458060.05775 0.0 1.0 0.0
0.466056775909 13261410.4864 4577686.10356 1.09642857143 0.0 2458060.05982 0.0 1.0 1.0
0.467755039136 13222737.7278 4565281.16688 1.09642857143 0.0 2458060.06189 0.0 1.0 0.0
-0.498344183106 13198653.796 4556386.20332 1.09642857143 0.0 2458060.10325 0.0 2.0 0.0
-0.49664587598 13240440.5482 4570592.24677 1.09642857143 0.0 2458060.10532 0.0 2.0 1.0
-0.494947414635 13207240.5109 4559609.87308 1.09642857143 0.0 2458060.10739 0.0 2.0 0.0
-0.49324910789 13239978.86 4570157.46741 1.09642857143 0.0 2458060.10946 0.0 2.0 1.0
-0.491550656852 13214755.4421 4561934.26305 1.09642857143 0.0 2458060.11154 0.0 2.0 0.0
-0.489852361177 13239876.7996 4570410.85142 1.09642857143 0.0 2458060.11361 0.0 2.0 1.0
-0.488153918537 13202715.2624 4558656.66727 1.09642857143 0.0 2458060.11568 0.0 2.0 0.0
-0.486455628588 13240357.6871 4570390.00871 1.09642857143 0.0 2458060.11775 0.0 2.0 1.0
-0.484757192055 13203787.5167 4558324.84775 1.09642857143 0.0 2458060.11982 0.0 2.0 0.0
-0.483058915849 13244493.8705 4571674.19101 1.09642857143 0.0 2458060.12189 0.0 2.0 1.0
-0.481360493059 13205738.6456 4559105.1581 1.09642857143 0.0 2458060.12397 0.0 2.0 0.0
-0.479662226778 13246901.7419 4572414.01501 1.09642857143 0.0 2458060.12604 0.0 2.0 1.0
-0.477963812004 13206128.71 4559170.51524 1.09642857143 0.0 2458060.12811 0.0 2.0 0.0
-0.44406318083 13204286.9844 4557943.30335 1.09642857143 0.0 2458060.16946 0.0 3.0 0.0
-0.442364722539 13237350.5629 4568587.21719 1.09642857143 0.0 2458060.17154 0.0 3.0 1.0
-0.440666417321 13206863.838 4559500.22666 1.09642857143 0.0 2458060.17361 0.0 3.0 0.0
-0.438967963229 13241540.5979 4570566.16035 1.09642857143 0.0 2458060.17568 0.0 3.0 1.0
-0.43726965992 13211815.1496 4561233.44226 1.09642857143 0.0 2458060.17775 0.0 3.0 0.0
-0.435571208881 13249885.9991 4573771.25185 1.09642857143 0.0 2458060.17982 0.0 3.0 1.0
-0.433872918169 13216638.9402 4562906.53164 1.09642857143 0.0 2458060.18189 0.0 3.0 0.0
-0.432174480491 13254438.6818 4575166.94018 1.09642857143 0.0 2458060.18397 0.0 3.0 1.0
-0.430476200086 13225229.9999 4565665.02384 1.09642857143 0.0 2458060.18604 0.0 3.0 0.0
-0.428777772715 13264317.2587 4578255.67839 1.09642857143 0.0 2458060.18811 0.0 3.0 1.0
-0.427079497272 13231274.3244 4568152.64738 1.09642857143 0.0 2458060.19018 0.0 3.0 0.0
-0.425381075245 13264512.169 4578866.48308 1.09642857143 0.0 2458060.19225 0.0 3.0 1.0
-0.423682812017 13225849.622 4566158.49111 1.09642857143 0.0 2458060.19433 0.0 3.0 0.0
-0.389782041131 13213180.8181 4560809.30277 1.09642857143 0.0 2458060.23568 0.0 4.0 0.0
-0.388083730569 13250435.219 4573388.86376 1.09642857143 0.0 2458060.23775 0.0 4.0 1.0
-0.386385269987 13228085.8624 4566376.44887 1.09642857143 0.0 2458060.23982 0.0 4.0 0.0
-0.384686967824 13264070.0205 4578253.80455 1.09642857143 0.0 2458060.2419 0.0 4.0 1.0
-0.382988517167 13230936.32 4567484.94455 1.09642857143 0.0 2458060.24397 0.0 4.0 0.0
-0.381290222256 13267941.5739 4579745.79651 1.09642857143 0.0 2458060.24604 0.0 4.0 1.0
-0.379591779997 13237074.8291 4569642.76075 1.09642857143 0.0 2458060.24811 0.0 4.0 0.0
-0.377893490048 13272032.8462 4581295.62604 1.09642857143 0.0 2458060.25018 0.0 4.0 1.0
-0.376195053897 13237079.6987 4570274.32036 1.09642857143 0.0 2458060.25225 0.0 4.0 0.0
-0.374496778073 13267911.2975 4579685.32531 1.09642857143 0.0 2458060.25433 0.0 4.0 1.0
-0.372798355664 13226594.7485 4566421.82698 1.09642857143 0.0 2458060.2564 0.0 4.0 0.0
-0.371100088619 13266325.0149 4579162.42149 1.09642857143 0.0 2458060.25847 0.0 4.0 1.0
-0.369401674227 13233359.6731 4568697.20088 1.09642857143 0.0 2458060.26054 0.0 4.0 0.0
