0 2458059.9732 108 26.518452 0.0
1 2458059.97527 103 21.42766 0.304632751488
2 2458059.97734 115 19.214165 -0.255323974992
3 2458059.97942 99 19.837584 0.11855115608
4 2458059.98149 113 17.185097 -0.371305860256
5 2458059.98356 97 17.963926 0.0836594958112
6 2458059.98563 106 18.326061 -0.362775706114
7 2458059.9877 112 18.48022 0.0823040474889
8 2458059.98977 111 18.99627 -0.770824530952
9 2458059.99185 101 19.176182 0.0376836427255
10 2458059.99392 104 18.540176 -0.590389885014
11 2458059.99599 101 19.324284 -0.0794961171367
12 2458060.03703 105 45.38078 0.425710056758
13 2458060.0391 109 32.72984 0.84868629316
14 2458060.04118 111 21.885538 0.130883375107
15 2458060.04325 110 19.976332 0.504951225342
16 2458060.04532 116 17.860455 -0.0965067447204
17 2458060.04739 104 18.689617 0.140063018414
18 2458060.04946 103 17.835918 -0.292169970889
19 2458060.05153 98 18.870358 0.0155597792802
20 2458060.05361 108 18.480005 -0.16854086113
21 2458060.05568 102 18.830687 0.168287680622
22 2458060.05775 113 18.254143 -0.448353796757
23 2458060.05982 113 19.51213 0.0513752610824
24 2458060.06189 117 17.373743 -0.707082949443
25 2458060.10325 100 46.903667 0.358351454584
26 2458060.10532 110 34.820988 0.601179979739
27 2458060.10739 110 20.872595 -0.0863592424108
28 2458060.10946 100 20.22361 0.227574383468
29 2458060.11154 117 19.461632 -0.491525358793
30 2458060.11361 113 18.917084 0.373884958768
31 2458060.11568 111 17.884396 -0.424370903528
32 2458060.11775 104 18.876572 0.0336473944487
33 2458060.11982 98 19.342773 -0.505099195608
34 2458060.12189 102 18.192513 -0.182711795748
35 2458060.12397 127 17.690384 -0.667797869841
36 2458060.12604 91 19.66988 -0.133143842892
37 2458060.12811 105 18.21299 -0.702923711122
38 2458060.16946 119 45.33168 0.168782992351
39 2458060.17154 106 32.45327 0.459771559788
40 2458060.17361 102 23.285822 -0.229205233842
41 2458060.17568 102 20.821436 0.386060424539
42 2458060.17775 108 18.69741 -0.181820402188
43 2458060.17982 105 18.519688 0.142761318181
44 2458060.18189 115 18.816883 -0.244333409951
45 2458060.18397 98 19.589827 0.00280385366349
46 2458060.18604 106 17.758749 -0.411305840294
47 2458060.18811 99 19.914953 -0.0500728936937
48 2458060.19018 109 17.778038 -0.447014085508
49 2458060.19225 101 19.324974 -0.062030782501
50 2458060.19433 113 17.151985 -0.700733102406
51 2458060.23568 116 45.057224 -0.222052564491
52 2458060.23775 109 33.09639 0.406034358962
53 2458060.23982 104 22.128563 -0.144263412931
54 2458060.2419 108 18.8889 0.265696671785
55 2458060.24397 111 18.240446 -0.14934895663
56 2458060.24604 110 19.585812 -0.04559679692
57 2458060.24811 111 18.611423 -0.24431669987
58 2458060.25018 99 18.684473 0.0619657589064
59 2458060.25225 103 17.383327 -0.61066972432
60 2458060.25433 101 18.50118 -0.085586445534
61 2458060.2564 109 17.714268 -0.697062728307
62 2458060.25847 104 19.4398 -0.257887069668
63 2458060.26054 114 17.202824 -0.501612565227
