0.807 0.000100 0.000083 0.300 0.000 4.11
0.807 0.000100 0.000167 0.300 0.000 1.00
0.822 0.000145 0.000075 0.300 0.000 2.34
0.822 0.000145 0.000115 0.300 0.000 1.00
0.836 0.000118 0.000067 0.300 0.000 1.86
0.836 0.000118 0.000092 0.300 0.000 1.00
0.851 0.000100 0.000063 0.300 0.000 2.18
0.851 0.000100 0.000093 0.300 0.000 1.00
0.866 0.000238 0.000061 0.300 0.000 2.83
0.866 0.000238 0.000103 0.300 0.000 1.00
0.880 0.000226 0.000058 0.300 0.000 2.36
0.880 0.000226 0.000089 0.300 0.000 1.00
0.895 0.000242 0.000055 0.300 0.000 2.74
0.895 0.000242 0.000091 0.300 0.000 1.00
0.909 0.000203 0.000054 0.300 0.000 2.50
0.909 0.000203 0.000085 0.300 0.000 1.00
0.924 0.000211 0.000051 0.300 0.000 2.50
0.924 0.000211 0.000081 0.300 0.000 1.00
0.939 0.000326 0.000050 0.300 0.000 2.83
0.939 0.000326 0.000084 0.300 0.000 1.00
0.953 0.000430 0.000050 0.300 0.000 3.17
0.953 0.000430 0.000088 0.300 0.000 1.00
0.968 0.000464 0.000049 0.300 0.000 2.36
0.968 0.000464 0.000076 0.300 0.000 1.00
0.982 0.000418 0.000048 0.300 0.000 1.94
0.982 0.000418 0.000067 0.300 0.000 1.00
0.997 0.000390 0.000048 0.300 0.000 3.39
0.997 0.000390 0.000089 0.300 0.000 1.00
1.011 0.000518 0.000049 0.300 0.000 2.38
1.011 0.000518 0.000076 0.300 0.000 1.00
1.026 0.000373 0.000048 0.300 0.000 2.77
1.026 0.000373 0.000080 0.300 0.000 1.00
1.041 0.000417 0.000048 0.300 0.000 2.54
1.041 0.000417 0.000077 0.300 0.000 1.00
1.055 0.000484 0.000049 0.300 0.000 2.62
1.055 0.000484 0.000079 0.300 0.000 1.00
1.070 0.000476 0.000049 0.300 0.000 3.26
1.070 0.000476 0.000088 0.300 0.000 1.00
1.084 0.000447 0.000049 0.300 0.000 4.99
1.084 0.000447 0.000109 0.300 0.000 1.00
1.099 0.000505 0.000050 0.300 0.000 4.12
1.099 0.000505 0.000102 0.300 0.000 1.00
1.114 0.000554 0.000050 0.300 0.000 5.06
1.114 0.000554 0.000113 0.300 0.000 1.00
1.128 0.000519 0.000051 0.300 0.000 7.26
1.128 0.000519 0.000138 0.300 0.000 1.00
1.143 0.000541 0.000055 0.300 0.000 10.91
1.143 0.000541 0.000180 0.300 0.000 1.00
