0.807 0.000626 0.000090 0.300 0.000 4.40
0.807 0.000626 0.000189 0.300 0.000 1.00
0.822 0.000788 0.000080 0.300 0.000 2.79
0.822 0.000788 0.000133 0.300 0.000 1.00
0.836 0.000734 0.000069 0.300 0.000 2.33
0.836 0.000734 0.000105 0.300 0.000 1.00
0.851 0.000600 0.000062 0.300 0.000 2.21
0.851 0.000600 0.000093 0.300 0.000 1.00
0.866 0.000738 0.000060 0.300 0.000 2.53
0.866 0.000738 0.000095 0.300 0.000 1.00
0.880 0.000639 0.000055 0.300 0.000 1.80
0.880 0.000639 0.000073 0.300 0.000 1.00
0.895 0.000555 0.000051 0.300 0.000 2.22
0.895 0.000555 0.000075 0.300 0.000 1.00
0.909 0.000501 0.000049 0.300 0.000 2.25
0.909 0.000501 0.000073 0.300 0.000 1.00
0.924 0.000486 0.000046 0.300 0.000 1.98
0.924 0.000486 0.000065 0.300 0.000 1.00
0.939 0.000521 0.000044 0.300 0.000 1.64
0.939 0.000521 0.000056 0.300 0.000 1.00
0.953 0.000581 0.000043 0.300 0.000 2.25
0.953 0.000581 0.000065 0.300 0.000 1.00
0.968 0.000592 0.000042 0.300 0.000 2.00
0.968 0.000592 0.000060 0.300 0.000 1.00
0.982 0.000513 0.000041 0.300 0.000 1.69
0.982 0.000513 0.000053 0.300 0.000 1.00
0.997 0.000485 0.000041 0.300 0.000 2.65
0.997 0.000485 0.000067 0.300 0.000 1.00
1.011 0.000675 0.000043 0.300 0.000 2.03
1.011 0.000675 0.000061 0.300 0.000 1.00
1.026 0.000571 0.000041 0.300 0.000 1.89
1.026 0.000571 0.000057 0.300 0.000 1.00
1.041 0.000571 0.000041 0.300 0.000 1.75
1.041 0.000571 0.000055 0.300 0.000 1.00
1.055 0.000602 0.000042 0.300 0.000 1.91
1.055 0.000602 0.000058 0.300 0.000 1.00
1.070 0.000624 0.000042 0.300 0.000 2.64
1.070 0.000624 0.000069 0.300 0.000 1.00
1.084 0.000671 0.000042 0.300 0.000 4.35
1.084 0.000671 0.000088 0.300 0.000 1.00
1.099 0.000719 0.000045 0.300 0.000 4.00
1.099 0.000719 0.000089 0.300 0.000 1.00
1.114 0.000691 0.000044 0.300 0.000 5.52
1.114 0.000691 0.000103 0.300 0.000 1.00
1.128 0.000739 0.000045 0.300 0.000 6.43
1.128 0.000739 0.000115 0.300 0.000 1.00
1.143 0.000855 0.000054 0.300 0.000 10.70
1.143 0.000855 0.000177 0.300 0.000 1.00
