0.807 0.000358 0.000208 0.300 0.000 2.53
0.807 0.000358 0.000330 0.300 0.000 1.00
0.822 0.000312 0.000188 0.300 0.000 2.00
0.822 0.000312 0.000266 0.300 0.000 1.00
0.836 0.000342 0.000167 0.300 0.000 1.79
0.836 0.000342 0.000223 0.300 0.000 1.00
0.851 0.000154 0.000155 0.300 0.000 1.69
0.851 0.000154 0.000201 0.300 0.000 1.00
0.866 0.000212 0.000143 0.300 0.000 2.10
0.866 0.000212 0.000208 0.300 0.000 1.00
0.880 0.000322 0.000139 0.300 0.000 1.84
0.880 0.000322 0.000188 0.300 0.000 1.00
0.895 0.000500 0.000135 0.300 0.000 2.19
0.895 0.000500 0.000199 0.300 0.000 1.00
0.909 0.000399 0.000131 0.300 0.000 2.41
0.909 0.000399 0.000203 0.300 0.000 1.00
0.924 0.000366 0.000125 0.300 0.000 1.97
0.924 0.000366 0.000175 0.300 0.000 1.00
0.939 0.000602 0.000117 0.300 0.000 1.81
0.939 0.000602 0.000158 0.300 0.000 1.00
0.953 0.000793 0.000124 0.300 0.000 2.38
0.953 0.000793 0.000192 0.300 0.000 1.00
0.968 0.000745 0.000120 0.300 0.000 1.94
0.968 0.000745 0.000168 0.300 0.000 1.00
0.982 0.000826 0.000122 0.300 0.000 1.60
0.982 0.000826 0.000155 0.300 0.000 1.00
0.997 0.000635 0.000122 0.300 0.000 2.65
0.997 0.000635 0.000199 0.300 0.000 1.00
1.011 0.000835 0.000124 0.300 0.000 1.85
1.011 0.000835 0.000168 0.300 0.000 1.00
1.026 0.000592 0.000121 0.300 0.000 1.93
1.026 0.000592 0.000168 0.300 0.000 1.00
1.041 0.000658 0.000121 0.300 0.000 1.67
1.041 0.000658 0.000156 0.300 0.000 1.00
1.055 0.000693 0.000122 0.300 0.000 1.94
1.055 0.000693 0.000169 0.300 0.000 1.00
1.070 0.000805 0.000124 0.300 0.000 2.78
1.070 0.000805 0.000207 0.300 0.000 1.00
1.084 0.000451 0.000118 0.300 0.000 4.58
1.084 0.000451 0.000253 0.300 0.000 1.00
1.099 0.000534 0.000121 0.300 0.000 3.06
1.099 0.000534 0.000212 0.300 0.000 1.00
1.114 0.000906 0.000129 0.300 0.000 5.48
1.114 0.000906 0.000303 0.300 0.000 1.00
1.128 0.000830 0.000130 0.300 0.000 7.18
1.128 0.000830 0.000349 0.300 0.000 1.00
1.143 0.001269 0.000148 0.300 0.000 11.41
1.143 0.001269 0.000501 0.300 0.000 1.00
