0.804 0.000357 0.000104 0.300 0.000 3.29
0.811 0.000388 0.000097 0.300 0.000 2.39
0.818 0.000440 0.000093 0.300 0.000 2.15
0.825 0.000358 0.000089 0.300 0.000 2.42
0.832 0.000369 0.000084 0.300 0.000 2.70
0.839 0.000327 0.000080 0.300 0.000 1.81
0.846 0.000336 0.000077 0.300 0.000 2.07
0.854 0.000230 0.000075 0.300 0.000 2.61
0.861 0.000385 0.000074 0.300 0.000 2.50
0.868 0.000405 0.000073 0.300 0.000 2.85
0.875 0.000424 0.000072 0.300 0.000 2.20
0.882 0.000327 0.000069 0.300 0.000 1.97
0.889 0.000252 0.000068 0.300 0.000 1.73
0.896 0.000343 0.000066 0.300 0.000 2.23
0.904 0.000263 0.000064 0.300 0.000 2.78
0.911 0.000394 0.000065 0.300 0.000 2.74
0.918 0.000303 0.000062 0.300 0.000 2.69
0.925 0.000173 0.000062 0.300 0.000 1.96
0.932 0.000451 0.000062 0.300 0.000 2.43
0.939 0.000302 0.000060 0.300 0.000 2.13
0.946 0.000405 0.000060 0.300 0.000 2.60
0.954 0.000269 0.000059 0.300 0.000 3.64
0.961 0.000665 0.000061 0.300 0.000 2.53
0.968 0.000485 0.000059 0.300 0.000 2.19
0.975 0.000389 0.000058 0.300 0.000 2.79
0.982 0.000421 0.000058 0.300 0.000 1.83
0.989 0.000450 0.000058 0.300 0.000 1.37
0.996 0.000398 0.000058 0.300 0.000 3.14
1.004 0.000385 0.000059 0.300 0.000 3.27
1.011 0.000673 0.000060 0.300 0.000 3.35
1.018 0.000458 0.000059 0.300 0.000 2.84
1.025 0.000370 0.000058 0.300 0.000 2.25
1.032 0.000365 0.000058 0.300 0.000 2.29
1.039 0.000423 0.000058 0.300 0.000 2.57
1.046 0.000477 0.000058 0.300 0.000 2.15
1.054 0.000390 0.000059 0.300 0.000 2.02
1.061 0.000431 0.000059 0.300 0.000 2.48
1.068 0.000417 0.000059 0.300 0.000 2.61
1.075 0.000457 0.000059 0.300 0.000 2.53
1.082 0.000404 0.000059 0.300 0.000 3.46
1.089 0.000430 0.000059 0.300 0.000 4.86
1.096 0.000591 0.000061 0.300 0.000 3.51
1.104 0.000511 0.000061 0.300 0.000 2.75
1.111 0.000315 0.000060 0.300 0.000 5.63
1.118 0.000641 0.000061 0.300 0.000 4.42
1.125 0.000509 0.000061 0.300 0.000 8.24
1.132 0.000411 0.000062 0.300 0.000 6.65
1.139 0.000488 0.000062 0.300 0.000 9.80
1.146 0.000233 0.000072 0.300 0.000 5.12
