0.807 0.000100 0.000081 0.300 0.000 9.05
0.822 0.000225 0.000074 0.300 0.000 2.47
0.836 0.000240 0.000066 0.300 0.000 1.86
0.851 0.000127 0.000062 0.300 0.000 2.25
0.866 0.000383 0.000060 0.300 0.000 2.84
0.880 0.000324 0.000057 0.300 0.000 2.40
0.895 0.000325 0.000054 0.300 0.000 2.64
0.909 0.000319 0.000052 0.300 0.000 2.52
0.924 0.000302 0.000050 0.300 0.000 2.42
0.939 0.000399 0.000049 0.300 0.000 2.75
0.953 0.000494 0.000049 0.300 0.000 2.89
0.968 0.000567 0.000048 0.300 0.000 2.25
0.982 0.000493 0.000047 0.300 0.000 1.77
0.997 0.000480 0.000047 0.300 0.000 3.18
1.011 0.000638 0.000048 0.300 0.000 2.15
1.026 0.000434 0.000047 0.300 0.000 2.81
1.041 0.000482 0.000047 0.300 0.000 2.58
1.055 0.000547 0.000048 0.300 0.000 2.48
1.070 0.000572 0.000048 0.300 0.000 3.00
1.084 0.000517 0.000048 0.300 0.000 5.26
1.099 0.000653 0.000049 0.300 0.000 3.70
1.114 0.000625 0.000049 0.300 0.000 5.08
1.128 0.000619 0.000050 0.300 0.000 7.21
1.143 0.000734 0.000053 0.300 0.000 12.89
