0.807 0.000238 0.000079 0.300 0.000 2.38
0.807 0.000238 0.000079 0.300 0.000 2.38
0.807 0.000238 0.000122 0.300 0.000 1.00
0.822 0.000381 0.000072 0.300 0.000 1.96
0.822 0.000381 0.000100 0.300 0.000 1.00
0.836 0.000450 0.000064 0.300 0.000 1.66
0.836 0.000450 0.000083 0.300 0.000 1.00
0.851 0.000373 0.000060 0.300 0.000 1.65
0.851 0.000373 0.000077 0.300 0.000 1.00
0.866 0.000564 0.000058 0.300 0.000 2.19
0.866 0.000564 0.000086 0.300 0.000 1.00
0.880 0.000526 0.000055 0.300 0.000 1.80
0.880 0.000526 0.000074 0.300 0.000 1.00
0.895 0.000477 0.000052 0.300 0.000 2.12
0.895 0.000477 0.000076 0.300 0.000 1.00
0.909 0.000497 0.000051 0.300 0.000 2.30
0.909 0.000497 0.000078 0.300 0.000 1.00
0.924 0.000484 0.000049 0.300 0.000 2.02
0.924 0.000484 0.000070 0.300 0.000 1.00
0.939 0.000590 0.000048 0.300 0.000 1.68
0.939 0.000590 0.000062 0.300 0.000 1.00
0.953 0.000650 0.000047 0.300 0.000 2.30
0.953 0.000650 0.000072 0.300 0.000 1.00
0.968 0.000752 0.000047 0.300 0.000 1.85
0.968 0.000752 0.000064 0.300 0.000 1.00
0.982 0.000663 0.000046 0.300 0.000 1.52
0.982 0.000663 0.000056 0.300 0.000 1.00
0.997 0.000624 0.000046 0.300 0.000 2.49
0.997 0.000624 0.000073 0.300 0.000 1.00
1.011 0.000825 0.000047 0.300 0.000 1.72
1.011 0.000825 0.000062 0.300 0.000 1.00
1.026 0.000709 0.000046 0.300 0.000 1.99
1.026 0.000709 0.000065 0.300 0.000 1.00
1.041 0.000730 0.000046 0.300 0.000 1.64
1.041 0.000730 0.000059 0.300 0.000 1.00
1.055 0.000717 0.000046 0.300 0.000 1.85
1.055 0.000717 0.000063 0.300 0.000 1.00
1.070 0.000745 0.000047 0.300 0.000 2.59
1.070 0.000745 0.000075 0.300 0.000 1.00
1.084 0.000794 0.000047 0.300 0.000 4.57
1.084 0.000794 0.000100 0.300 0.000 1.00
1.099 0.000838 0.000048 0.300 0.000 3.90
1.099 0.000838 0.000095 0.300 0.000 1.00
1.114 0.000811 0.000048 0.300 0.000 5.29
1.114 0.000811 0.000110 0.300 0.000 1.00
1.128 0.000802 0.000049 0.300 0.000 6.62
1.128 0.000802 0.000126 0.300 0.000 1.00
1.143 0.000791 0.000055 0.300 0.000 11.30
1.143 0.000791 0.000184 0.300 0.000 1.00
