0.807 0.000100 0.000000 0.300 0.000 4.68
0.822 0.000100 0.000049 0.300 0.000 37.46
0.836 0.000100 0.000044 0.300 0.000 4.45
0.851 0.000100 0.000041 0.300 0.000 2.14
0.866 0.000205 0.000040 0.300 0.000 3.87
0.880 0.000259 0.000038 0.300 0.000 0.99
0.895 0.000350 0.000036 0.300 0.000 1.38
0.909 0.000353 0.000035 0.300 0.000 1.92
0.924 0.000430 0.000034 0.300 0.000 2.62
0.939 0.000485 0.000032 0.300 0.000 1.63
0.953 0.000582 0.000032 0.300 0.000 1.50
0.968 0.000611 0.000032 0.300 0.000 1.49
0.982 0.000545 0.000031 0.300 0.000 1.34
0.997 0.000517 0.000031 0.300 0.000 2.13
1.011 0.000690 0.000032 0.300 0.000 2.78
1.026 0.000584 0.000031 0.300 0.000 1.74
1.041 0.000574 0.000031 0.300 0.000 1.74
1.055 0.000595 0.000032 0.300 0.000 3.59
1.070 0.000628 0.000032 0.300 0.000 3.70
1.084 0.000671 0.000032 0.300 0.000 2.94
1.099 0.000632 0.000033 0.300 0.000 6.51
1.114 0.000687 0.000033 0.300 0.000 3.56
1.128 0.000608 0.000033 0.300 0.000 5.10
1.143 0.000595 0.000037 0.300 0.000 18.27
