0.807 0.000100 0.000081 0.300 0.000 8.69
0.822 0.000239 0.000074 0.300 0.000 2.41
0.836 0.000254 0.000066 0.300 0.000 1.84
0.851 0.000140 0.000062 0.300 0.000 2.22
0.866 0.000396 0.000060 0.300 0.000 2.81
0.880 0.000337 0.000056 0.300 0.000 2.34
0.895 0.000338 0.000054 0.300 0.000 2.69
0.909 0.000332 0.000052 0.300 0.000 2.54
0.924 0.000315 0.000050 0.300 0.000 2.47
0.939 0.000412 0.000049 0.300 0.000 2.73
0.953 0.000507 0.000049 0.300 0.000 2.94
0.968 0.000581 0.000048 0.300 0.000 2.30
0.982 0.000506 0.000047 0.300 0.000 1.76
0.997 0.000493 0.000047 0.300 0.000 3.16
1.011 0.000652 0.000048 0.300 0.000 2.10
1.026 0.000448 0.000047 0.300 0.000 2.75
1.041 0.000495 0.000047 0.300 0.000 2.50
1.055 0.000560 0.000048 0.300 0.000 2.44
1.070 0.000586 0.000048 0.300 0.000 2.99
1.084 0.000531 0.000048 0.300 0.000 5.18
1.099 0.000666 0.000049 0.300 0.000 3.73
1.114 0.000638 0.000049 0.300 0.000 5.02
1.128 0.000632 0.000050 0.300 0.000 7.18
1.143 0.000744 0.000053 0.300 0.000 12.71
