0.804 0.000358 0.000125 0.300 0.000 1.58
0.811 0.000513 0.000116 0.300 0.000 1.53
0.818 0.000720 0.000111 0.300 0.000 1.80
0.825 0.000542 0.000106 0.300 0.000 1.53
0.832 0.000631 0.000100 0.300 0.000 2.03
0.839 0.000623 0.000096 0.300 0.000 1.59
0.846 0.000528 0.000093 0.300 0.000 1.36
0.854 0.000453 0.000090 0.300 0.000 2.10
0.861 0.000689 0.000089 0.300 0.000 2.34
0.868 0.000743 0.000088 0.300 0.000 2.76
0.875 0.000766 0.000086 0.300 0.000 1.97
0.882 0.000683 0.000083 0.300 0.000 1.96
0.889 0.000625 0.000081 0.300 0.000 1.82
0.896 0.000687 0.000079 0.300 0.000 2.27
0.904 0.000706 0.000077 0.300 0.000 2.93
0.911 0.000653 0.000078 0.300 0.000 2.30
0.918 0.000673 0.000075 0.300 0.000 3.10
0.925 0.000576 0.000075 0.300 0.000 2.48
0.932 0.000803 0.000074 0.300 0.000 2.68
0.939 0.000729 0.000072 0.300 0.000 2.27
0.946 0.000818 0.000072 0.300 0.000 2.41
0.954 0.000697 0.000071 0.300 0.000 3.51
0.961 0.001052 0.000073 0.300 0.000 2.86
0.968 0.000862 0.000070 0.300 0.000 2.57
0.975 0.000747 0.000070 0.300 0.000 2.34
0.982 0.000809 0.000069 0.300 0.000 1.88
0.989 0.000934 0.000070 0.300 0.000 1.57
0.996 0.000820 0.000070 0.300 0.000 3.56
1.004 0.000875 0.000070 0.300 0.000 2.94
1.011 0.001095 0.000072 0.300 0.000 3.15
1.018 0.000926 0.000070 0.300 0.000 3.01
1.025 0.000726 0.000070 0.300 0.000 2.15
1.032 0.000891 0.000070 0.300 0.000 2.80
1.039 0.000863 0.000070 0.300 0.000 2.30
1.046 0.000959 0.000070 0.300 0.000 2.34
1.054 0.000859 0.000070 0.300 0.000 2.45
1.061 0.000876 0.000071 0.300 0.000 2.87
1.068 0.000828 0.000071 0.300 0.000 2.59
1.075 0.000947 0.000071 0.300 0.000 2.90
1.082 0.000934 0.000071 0.300 0.000 4.23
1.089 0.000971 0.000071 0.300 0.000 4.40
1.096 0.001002 0.000074 0.300 0.000 4.81
1.104 0.000994 0.000073 0.300 0.000 2.76
1.111 0.000795 0.000072 0.300 0.000 5.41
1.118 0.001262 0.000073 0.300 0.000 4.23
1.125 0.001007 0.000074 0.300 0.000 7.20
1.132 0.000906 0.000075 0.300 0.000 6.38
1.139 0.001250 0.000072 0.300 0.000 9.18
1.146 0.000915 0.000083 0.300 0.000 4.85
