0.804 0.000100 0.000126 0.300 0.000 9.48
0.811 0.000138 0.000117 0.300 0.000 1.31
0.818 0.000366 0.000112 0.300 0.000 1.70
0.825 0.000215 0.000107 0.300 0.000 1.29
0.832 0.000271 0.000101 0.300 0.000 1.66
0.839 0.000257 0.000097 0.300 0.000 1.34
0.846 0.000181 0.000093 0.300 0.000 1.21
0.854 0.000109 0.000091 0.300 0.000 1.65
0.861 0.000356 0.000089 0.300 0.000 1.74
0.868 0.000411 0.000089 0.300 0.000 2.21
0.875 0.000421 0.000086 0.300 0.000 1.58
0.882 0.000325 0.000083 0.300 0.000 1.45
0.889 0.000260 0.000082 0.300 0.000 1.51
0.896 0.000324 0.000079 0.300 0.000 1.71
0.904 0.000356 0.000078 0.300 0.000 2.24
0.911 0.000308 0.000078 0.300 0.000 1.91
0.918 0.000326 0.000075 0.300 0.000 2.26
0.925 0.000233 0.000075 0.300 0.000 1.74
0.932 0.000450 0.000075 0.300 0.000 1.79
0.939 0.000382 0.000072 0.300 0.000 1.51
0.946 0.000467 0.000072 0.300 0.000 1.89
0.954 0.000354 0.000072 0.300 0.000 3.20
0.961 0.000709 0.000073 0.300 0.000 1.98
0.968 0.000521 0.000071 0.300 0.000 2.21
0.975 0.000420 0.000070 0.300 0.000 1.77
0.982 0.000469 0.000070 0.300 0.000 1.43
0.989 0.000569 0.000070 0.300 0.000 0.92
0.996 0.000477 0.000071 0.300 0.000 2.44
1.004 0.000532 0.000071 0.300 0.000 2.49
1.011 0.000747 0.000073 0.300 0.000 2.64
1.018 0.000588 0.000071 0.300 0.000 2.09
1.025 0.000384 0.000070 0.300 0.000 1.68
1.032 0.000514 0.000070 0.300 0.000 1.72
1.039 0.000500 0.000070 0.300 0.000 1.79
1.046 0.000614 0.000070 0.300 0.000 1.66
1.054 0.000517 0.000071 0.300 0.000 1.57
1.061 0.000558 0.000071 0.300 0.000 2.11
1.068 0.000532 0.000071 0.300 0.000 2.10
1.075 0.000607 0.000071 0.300 0.000 1.97
1.082 0.000573 0.000071 0.300 0.000 3.34
1.089 0.000595 0.000071 0.300 0.000 3.84
1.096 0.000661 0.000074 0.300 0.000 3.51
1.104 0.000642 0.000074 0.300 0.000 2.41
1.111 0.000472 0.000073 0.300 0.000 5.17
1.118 0.000855 0.000073 0.300 0.000 3.90
1.125 0.000608 0.000074 0.300 0.000 7.87
1.132 0.000633 0.000075 0.300 0.000 5.93
1.139 0.001063 0.000072 0.300 0.000 10.20
1.146 0.000631 0.000084 0.300 0.000 5.76
