0.807 0.000253 0.000075 0.300 0.000 2.32
0.807 0.000253 0.000114 0.300 0.000 1.00
0.822 0.000365 0.000068 0.300 0.000 1.92
0.822 0.000365 0.000094 0.300 0.000 1.00
0.836 0.000421 0.000061 0.300 0.000 1.67
0.836 0.000421 0.000079 0.300 0.000 1.00
0.851 0.000362 0.000057 0.300 0.000 1.60
0.851 0.000362 0.000072 0.300 0.000 1.00
0.866 0.000525 0.000055 0.300 0.000 2.21
0.866 0.000525 0.000082 0.300 0.000 1.00
0.880 0.000509 0.000052 0.300 0.000 1.79
0.880 0.000509 0.000070 0.300 0.000 1.00
0.895 0.000507 0.000050 0.300 0.000 2.13
0.895 0.000507 0.000072 0.300 0.000 1.00
0.909 0.000491 0.000048 0.300 0.000 2.24
0.909 0.000491 0.000073 0.300 0.000 1.00
0.924 0.000522 0.000047 0.300 0.000 2.08
0.924 0.000522 0.000068 0.300 0.000 1.00
0.939 0.000622 0.000045 0.300 0.000 1.71
0.939 0.000622 0.000059 0.300 0.000 1.00
0.953 0.000690 0.000045 0.300 0.000 2.35
0.953 0.000690 0.000069 0.300 0.000 1.00
0.968 0.000724 0.000044 0.300 0.000 1.85
0.968 0.000724 0.000060 0.300 0.000 1.00
0.982 0.000681 0.000043 0.300 0.000 1.52
0.982 0.000681 0.000053 0.300 0.000 1.00
0.997 0.000641 0.000044 0.300 0.000 2.43
0.997 0.000641 0.000068 0.300 0.000 1.00
1.011 0.000788 0.000045 0.300 0.000 1.78
1.011 0.000788 0.000060 0.300 0.000 1.00
1.026 0.000724 0.000044 0.300 0.000 1.95
1.026 0.000724 0.000061 0.300 0.000 1.00
1.041 0.000735 0.000044 0.300 0.000 1.60
1.041 0.000735 0.000055 0.300 0.000 1.00
1.055 0.000750 0.000044 0.300 0.000 1.90
1.055 0.000750 0.000061 0.300 0.000 1.00
1.070 0.000757 0.000044 0.300 0.000 2.65
1.070 0.000757 0.000072 0.300 0.000 1.00
1.084 0.000798 0.000044 0.300 0.000 4.39
1.084 0.000798 0.000093 0.300 0.000 1.00
1.099 0.000790 0.000046 0.300 0.000 4.04
1.099 0.000790 0.000092 0.300 0.000 1.00
1.114 0.000783 0.000045 0.300 0.000 5.21
1.114 0.000783 0.000104 0.300 0.000 1.00
1.128 0.000801 0.000046 0.300 0.000 6.46
1.128 0.000801 0.000118 0.300 0.000 1.00
1.143 0.000730 0.000052 0.300 0.000 11.11
1.143 0.000730 0.000173 0.300 0.000 1.00
