0 2458059.9732004823 103 27.7872 0.0
1 2458059.975272201 107 22.713291 0.2954922794095585
2 2458059.977344096 100 19.43705 -0.31845530473925476
3 2458059.979415802 97 21.243732 0.408478418074567
4 2458059.9814876877 106 20.623905 -0.1364556733471715
5 2458059.983559388 105 21.327328 0.37375550970560606
6 2458059.985631267 110 19.200634 -0.3987146350755603
7 2458059.98770295 96 19.270266 0.4734400972845594
8 2458059.989774812 115 19.392588 -0.6494081528187212
9 2458059.9918464827 112 19.756489 0.39871411936353435
10 2458059.9939183337 103 19.44174 -0.5030396155872003
11 2458059.9959899993 105 20.931578 0.01560613326139909
12 2458060.0370319923 107 44.93212 0.46041448413485536
13 2458060.0391038926 97 34.030617 1.0097521058879688
14 2458060.041175606 105 23.181427 0.027384188967624283
15 2458060.043247502 112 22.15586 0.7242342166366408
16 2458060.045319208 114 20.408525 0.19225988917865125
17 2458060.0473911 109 21.684784 0.40801077230276206
18 2458060.0494628004 111 19.667524 -0.3718482982004035
19 2458060.051534675 106 20.76723 0.3960775191548481
20 2458060.053606359 107 18.154865 -0.13586338814074925
21 2458060.0556782214 107 20.869778 0.4920883545025861
22 2458060.0577498977 107 19.78376 -0.34255995062620986
23 2458060.059821754 111 21.244953 0.2736129595838706
24 2458060.061893416 109 20.1398 -0.6920707984735273
25 2458060.103247988 118 47.238052 0.3569370293632627
26 2458060.1053197035 98 33.37783 0.6831578084905984
27 2458060.107391607 107 24.329895 -0.13714700062077456
28 2458060.109463322 105 21.306147 0.5338543643974829
29 2458060.111535213 111 20.213211 -0.5152260600829037
30 2458060.1136069144 110 20.833769 0.5923336722679229
31 2458060.115678795 112 18.019176 -0.1648508225250868
32 2458060.1177504896 107 20.361532 0.43270843662936287
33 2458060.119822363 118 18.871382 -0.5966462260848737
34 2458060.1218940406 102 21.377731 0.1462685583549575
35 2458060.123965897 112 18.817404 -0.6583260361252454
36 2458060.1260375627 101 19.795395 0.10112633554560597
37 2458060.1281094095 126 18.915676 -0.8458215387181204
38 2458060.1694638026 107 45.9467 0.14882594306832078
39 2458060.1715357024 117 33.204475 0.8723485289629483
40 2458060.1736074155 111 23.305782 -0.3069381908607592
41 2458060.17567931 101 20.49881 0.42060913682220114
42 2458060.177751021 104 19.91911 -0.20411076337698678
43 2458060.179822912 99 22.835403 0.2942031783492651
44 2458060.1818946074 104 20.163239 -0.17262236080471366
45 2458060.183966482 104 19.21306 0.23586499465607266
46 2458060.186038165 112 19.100796 -0.30996726930012364
47 2458060.188110027 112 20.290215 0.39826842148828157
48 2458060.190181704 103 19.15755 -0.26338488815665717
49 2458060.1922535594 104 20.850557 0.031794760871506865
50 2458060.1943252212 117 20.393398 -0.5363807450649749
51 2458060.235679785 99 44.503387 -0.13422416666619147
52 2458060.2377515044 100 31.88728 0.5868500388638136
53 2458060.239823407 123 22.060802 -0.29438186344711076
54 2458060.2418951164 106 21.704218 0.5886779114311397
55 2458060.243967007 120 20.959412 -0.2144521932300298
56 2458060.2460387074 102 19.728224 0.3236468963483945
57 2458060.2481105877 112 19.593025 -0.2485786821291676
58 2458060.250182282 104 21.654863 0.4355757578794537
59 2458060.252254155 110 19.143436 -0.5616950829509146
60 2458060.2543258322 108 20.414856 0.09242965934145063
61 2458060.2563976883 113 19.561361 -0.7709715126806973
62 2458060.258469355 108 22.258322 0.20230344105615158
63 2458060.260541201 114 19.942215 -0.4664426030119853
