0.132929398226 1762899820.39 1813323846.58 1764070151.53 1827967090.19 2458059.9732 0 0 0
0.133291493486 1780755008.45 1832346202.89 1781865132.52 1845708125.26 2458059.97527 0 0 1
0.133653619591 1777861795.61 1829476651.12 1779077637.94 1842963667.09 2458059.97734 0 0 0
0.134015712572 1785008989.54 1836729680.59 1785958687.71 1849828169.86 2458059.97942 0 0 1
0.13437783705 1732779573.2 1782438389.55 1733757971.39 1797632835.29 2458059.98149 0 0 0
0.134739929135 1767818403.43 1818796957.47 1768967402.58 1832789923.32 2458059.98356 0 0 1
0.135102052392 1782611755.33 1833934048.68 1783851906.29 1847751619.12 2458059.98563 0 0 0
0.135464141385 1772175484.23 1822599651.54 1773277740.51 1837185518.22 2458059.9877 0 0 1
0.135826261712 1786849509.13 1838459253.59 1787763961.94 1851681739.1 2458059.98977 0 0 0
0.136188348589 1791140308.44 1842344677.4 1792214947.21 1856088247.17 2458059.99185 0 0 1
0.136550466962 1788490241.48 1840220718.81 1789513625.76 1853393363.58 2458059.99392 0 0 0
0.136912552944 1778283290.91 1829677728.98 1779301710.52 1843181182.8 2458059.99599 0 0 1
0.144085877796 1775612340.69 1826149671.97 1776717951.66 1840672817.18 2458060.03703 0 1 0
0.144448004797 1782267030.12 1833389609.49 1783296148.61 1847194042.96 2458060.0391 0 1 1
0.144810099161 1769925809.86 1820732099.8 1771027002.96 1834915974.88 2458060.04118 0 1 0
0.145172225348 1791659812.3 1842595888.05 1792698293.98 1856604576.35 2458060.04325 0 1 1
0.14553431841 1784021034.29 1835335579.11 1785175886.23 1849081843.69 2458060.04532 0 1 0
0.145896443946 1791470746.37 1842620947.9 1792515743.55 1856439473.87 2458060.04739 0 1 1
0.146258536032 1770765617.67 1821611844.21 1771941247.66 1835857532.01 2458060.04946 0 1 0
0.146620658556 1784767714.2 1835901770.12 1786084574.35 1850014582.85 2458060.05153 0 1 1
0.146982747712 1787362291.05 1838720419.83 1788453115.15 1852345766.29 2458060.05361 0 1 0
0.14734486812 1792226731.62 1843287122.1 1793328881.27 1857247180.65 2458060.05568 0 1 1
0.147706955973 1788707989.62 1840117489.19 1789850298.11 1853757077.18 2458060.05775 0 1 0
0.148069075324 1792740068.38 1844535578.17 1793773476.62 1857674419.73 2458060.05982 0 1 1
0.148431160654 1788693124.0 1840366512.14 1789844970.1 1853760258.95 2458060.06189 0 1 0
0.155659118081 1786351269.85 1838220675.19 1787543995.19 1851548142.35 2458060.10325 0 2 0
0.15602121277 1790534683.94 1841874858.03 1791579387.77 1855506944.65 2458060.10532 0 2 1
0.156383340341 1786014950.38 1837492111.85 1787085528.41 1851019087.57 2458060.10739 0 2 0
0.15674543495 1792698612.77 1844684323.29 1793786916.99 1857649012.03 2458060.10946 0 2 1
0.157107560323 1758077066.87 1808541667.12 1759130087.69 1823037871.77 2458060.11154 0 2 0
0.157469652571 1790511825.1 1841904316.32 1791680142.7 1855583509.68 2458060.11361 0 2 1
0.157831776154 1733778234.98 1783257650.1 1734830001.41 1798611484.56 2458060.11568 0 2 0
0.158193867181 1790777428.55 1842589449.22 1792023857.69 1855914156.63 2458060.11775 0 2 1
0.158555989461 1760229248.31 1811277549.91 1761266345.75 1825145030.38 2458060.11982 0 2 0
0.158918077559 1783909391.59 1834633251.35 1784889469.52 1848741288.17 2458060.12189 0 2 1
0.159280196909 1774105545.36 1824716023.84 1775285321.64 1839149581.16 2458060.12397 0 2 0
0.159642282891 1772946244.74 1822634072.19 1774099627.75 1837947166.89 2458060.12604 0 2 1
0.160004400532 1768643971.57 1819376289.55 1769802448.48 1833684089.19 2458060.12811 0 2 0
0.167232326705 1783956206.76 1835107026.64 1784842388.57 1848803674.58 2458060.16946 0 3 0
0.167594453625 1790907442.22 1842211555.87 1792084521.81 1855979892.75 2458060.17154 0 3 1
0.167956547908 1788033914.81 1839652075.81 1789074441.7 1852966698.54 2458060.17361 0 3 0
0.168318673932 1791461979.78 1842728102.08 1792683900.59 1856613239.8 2458060.17568 0 3 1
0.168680767808 1765122455.53 1815627495.05 1766176837.85 1830081836.48 2458060.17775 0 3 0
0.169042893181 1793643854.21 1845826848.07 1794763659.15 1858666926.65 2458060.17982 0 3 1
0.169404984371 1786742335.17 1837800009.27 1787846813.06 1851736560.26 2458060.18189 0 3 0
0.169767106896 1792027929.42 1843447596.6 1793165281.51 1857070063.95 2458060.18397 0 3 1
0.170129195889 1783687280.86 1835041587.19 1784725990.92 1848637405.74 2458060.18604 0 3 0
0.170491316216 1792406845.47 1843704805.05 1793466011.17 1857374281.57 2458060.18811 0 3 1
0.17085340415 1760896688.24 1811286291.32 1762069942.01 1825959125.83 2458060.19018 0 3 0
0.171215523338 1781753543.84 1833219503.48 1782889900.62 1846838218.49 2458060.19225 0 3 1
0.171577608668 1790203411.08 1842048358.98 1791276865.42 1855172856.73 2458060.19433 0 3 0
0.17880556463 1787532530.28 1839103358.09 1788627095.37 1852546347.85 2458060.23568 0 4 0
0.179167660052 1780018092.44 1830817176.69 1781169398.43 1845076532.44 2458060.23775 0 4 1
0.17952978746 1765342440.61 1815290838.01 1766392757.77 1830267775.14 2458060.23982 0 4 0
0.179891881092 1794440631.34 1846093701.62 1795513636.5 1859398018.23 2458060.2419 0 4 1
0.180254006383 1780657010.3 1831687149.66 1781736963.17 1845589402.82 2458060.24397 0 4 0
0.180616098469 1795040302.75 1846676355.88 1796116714.4 1860013337.53 2458060.24604 0 4 1
0.18097822197 1790544061.45 1842075566.45 1791529241.28 1855424180.98 2458060.24811 0 4 0
0.181340312997 1777015479.45 1828174527.47 1778019038.2 1841932126.44 2458060.25018 0 4 1
0.181702435197 1775233069.99 1825654675.06 1776188376.37 1840066215.8 2458060.25225 0 4 0
0.182064523213 1780185205.41 1831131247.9 1781220271.86 1845091062.17 2458060.25433 0 4 1
0.182426642482 1791151889.04 1843024659.61 1792337499.3 1856202500.15 2458060.2564 0 4 0
0.182788728626 1794513069.56 1846005079.74 1795570942.12 1859464958.18 2458060.25847 0 4 1
0.183150846186 1771112359.45 1821712015.39 1772271701.55 1836160107.49 2458060.26054 0 4 0
