0.807 0.000736 0.000090 0.300 0.000 4.18
0.807 0.000736 0.000184 0.300 0.000 1.00
0.822 0.000896 0.000080 0.300 0.000 2.64
0.822 0.000896 0.000129 0.300 0.000 1.00
0.836 0.000840 0.000069 0.300 0.000 2.06
0.836 0.000840 0.000099 0.300 0.000 1.00
0.851 0.000704 0.000062 0.300 0.000 1.96
0.851 0.000704 0.000087 0.300 0.000 1.00
0.866 0.000842 0.000060 0.300 0.000 2.10
0.866 0.000842 0.000087 0.300 0.000 1.00
0.880 0.000742 0.000055 0.300 0.000 1.41
0.880 0.000742 0.000065 0.300 0.000 1.00
0.895 0.000657 0.000051 0.300 0.000 2.04
0.895 0.000657 0.000072 0.300 0.000 1.00
0.909 0.000603 0.000049 0.300 0.000 1.95
0.909 0.000603 0.000068 0.300 0.000 1.00
0.924 0.000587 0.000046 0.300 0.000 1.71
0.924 0.000587 0.000060 0.300 0.000 1.00
0.939 0.000622 0.000044 0.300 0.000 1.39
0.939 0.000622 0.000051 0.300 0.000 1.00
0.953 0.000682 0.000043 0.300 0.000 2.10
0.953 0.000682 0.000062 0.300 0.000 1.00
0.968 0.000693 0.000042 0.300 0.000 1.70
0.968 0.000693 0.000055 0.300 0.000 1.00
0.982 0.000614 0.000041 0.300 0.000 1.64
0.982 0.000614 0.000052 0.300 0.000 1.00
0.997 0.000586 0.000041 0.300 0.000 2.29
0.997 0.000586 0.000063 0.300 0.000 1.00
1.011 0.000776 0.000043 0.300 0.000 2.06
1.011 0.000776 0.000062 0.300 0.000 1.00
1.026 0.000672 0.000041 0.300 0.000 1.61
1.026 0.000672 0.000053 0.300 0.000 1.00
1.041 0.000672 0.000041 0.300 0.000 1.55
1.041 0.000672 0.000051 0.300 0.000 1.00
1.055 0.000702 0.000042 0.300 0.000 1.79
1.055 0.000702 0.000056 0.300 0.000 1.00
1.070 0.000725 0.000042 0.300 0.000 2.39
1.070 0.000725 0.000065 0.300 0.000 1.00
1.084 0.000772 0.000042 0.300 0.000 3.94
1.084 0.000772 0.000084 0.300 0.000 1.00
1.099 0.000821 0.000045 0.300 0.000 4.12
1.099 0.000821 0.000091 0.300 0.000 1.00
1.114 0.000792 0.000044 0.300 0.000 5.17
1.114 0.000792 0.000100 0.300 0.000 1.00
1.128 0.000840 0.000045 0.300 0.000 5.98
1.128 0.000840 0.000111 0.300 0.000 1.00
1.143 0.001061 0.000055 0.300 0.000 6.72
1.143 0.001061 0.000142 0.300 0.000 1.00
