0.807 0.000354 0.000075 0.300 0.000 2.22
0.807 0.000354 0.000112 0.300 0.000 1.00
0.822 0.000467 0.000068 0.300 0.000 1.91
0.822 0.000467 0.000094 0.300 0.000 1.00
0.836 0.000523 0.000061 0.300 0.000 1.50
0.836 0.000523 0.000075 0.300 0.000 1.00
0.851 0.000463 0.000057 0.300 0.000 1.43
0.851 0.000463 0.000068 0.300 0.000 1.00
0.866 0.000627 0.000055 0.300 0.000 1.86
0.866 0.000627 0.000076 0.300 0.000 1.00
0.880 0.000610 0.000052 0.300 0.000 1.45
0.880 0.000610 0.000063 0.300 0.000 1.00
0.895 0.000608 0.000050 0.300 0.000 1.97
0.895 0.000608 0.000070 0.300 0.000 1.00
0.909 0.000592 0.000048 0.300 0.000 1.94
0.909 0.000592 0.000067 0.300 0.000 1.00
0.924 0.000624 0.000047 0.300 0.000 1.80
0.924 0.000624 0.000063 0.300 0.000 1.00
0.939 0.000724 0.000045 0.300 0.000 1.42
0.939 0.000724 0.000054 0.300 0.000 1.00
0.953 0.000791 0.000045 0.300 0.000 2.15
0.953 0.000791 0.000066 0.300 0.000 1.00
0.968 0.000825 0.000044 0.300 0.000 1.49
0.968 0.000825 0.000054 0.300 0.000 1.00
0.982 0.000783 0.000043 0.300 0.000 1.37
0.982 0.000783 0.000051 0.300 0.000 1.00
0.997 0.000743 0.000044 0.300 0.000 2.00
0.997 0.000743 0.000062 0.300 0.000 1.00
1.011 0.000890 0.000045 0.300 0.000 1.76
1.011 0.000890 0.000059 0.300 0.000 1.00
1.026 0.000826 0.000044 0.300 0.000 1.59
1.026 0.000826 0.000055 0.300 0.000 1.00
1.041 0.000837 0.000044 0.300 0.000 1.31
1.041 0.000837 0.000050 0.300 0.000 1.00
1.055 0.000851 0.000044 0.300 0.000 1.71
1.055 0.000851 0.000057 0.300 0.000 1.00
1.070 0.000859 0.000044 0.300 0.000 2.34
1.070 0.000859 0.000068 0.300 0.000 1.00
1.084 0.000899 0.000044 0.300 0.000 3.91
1.084 0.000899 0.000088 0.300 0.000 1.00
1.099 0.000892 0.000046 0.300 0.000 4.12
1.099 0.000892 0.000093 0.300 0.000 1.00
1.114 0.000885 0.000045 0.300 0.000 4.82
1.114 0.000885 0.000100 0.300 0.000 1.00
1.128 0.000903 0.000046 0.300 0.000 5.98
1.128 0.000903 0.000113 0.300 0.000 1.00
1.143 0.000902 0.000052 0.300 0.000 7.17
1.143 0.000902 0.000139 0.300 0.000 1.00
