0.39504821867330975 1188908527.0624533 1230664502.666635 1188321204.5749817 1272119969.4753256 2458059.9732004823 0 0 0
0.3967465284717946 1195010585.8279302 1236671416.8013864 1194521133.8496885 1278186923.1805067 2458059.975272201 0 0 1
0.3984449829458754 1192226494.8583896 1233971364.3668218 1191694848.4404109 1275418320.9687767 2458059.977344096 0 0 0
0.4001432820559785 1197287099.2776017 1238895943.192897 1196772765.6428163 1280485529.2941172 2458059.979415802 0 0 1
0.40184172889576075 1194557914.9615726 1236620240.2592564 1194135118.1425636 1277660165.0739095 2458059.9814876877 0 0 0
0.4035400238067268 1199259850.1760979 1240816842.4799085 1198794323.1575632 1282414537.1434512 2458059.983559388 0 0 1
0.4052384649198757 1196413660.0297241 1238292362.5553496 1195836472.3433993 1279607940.9464817 2458059.985631267 0 0 0
0.40693674532531077 1201156725.7290363 1242765730.1435606 1200668002.5790722 1284327450.8534114 2458059.98770295 0 0 1
0.40863517269644944 1197950220.5470967 1239621973.4232738 1197295062.3522081 1281232824.3890398 2458059.989774812 0 0 0
0.4103334431770236 1202329273.23661 1243984320.3016064 1201755099.7779744 1285564575.5333645 2458059.9918464827 0 0 1
0.41203186138682213 1199168370.12841 1241295224.2728276 1198627150.9360685 1282211515.093009 2458059.9939183337 0 0 0
0.4137301276678045 1202944491.4223292 1244629084.0357034 1202426820.3219545 1286168478.0824742 2458059.9959899993 0 0 1
0.44737466612423304 1197139003.839849 1238722079.3108633 1196462252.6286206 1280382515.3128607 2458060.0370319923 0 1 0
0.4490731247974509 1201843035.7232237 1243213421.9441357 1201305972.5648317 1285098584.5322175 2458060.0391038926 0 1 1
0.4507714303967987 1198876256.0574367 1240790725.124463 1198364746.246718 1282066752.7335658 2458060.041175606 0 1 0
0.4524698852524125 1203084301.469582 1244647100.6445372 1202557389.8682091 1286366855.2817826 2458060.043247502 0 1 1
0.4541681847445034 1199601037.141993 1241448440.4111109 1199041100.5214942 1282958677.892778 2458060.045319208 0 1 0
0.45586663654648873 1203354554.3079264 1244868191.7417564 1202861596.5481331 1286602219.822072 2458060.0473911 0 1 1
0.4575649314574548 1199828850.9952388 1241665699.549591 1199184840.3390117 1283105406.4164276 2458060.0494628004 0 1 0
0.4592633691354422 1203403444.1491938 1244976017.6137867 1202836819.6199489 1286683391.7936633 2458060.051534675 0 1 1
0.4609616503039433 1200105289.0231602 1242385151.500781 1199635719.1107206 1283212992.9189944 2458060.053606359 0 1 0
0.46266007805706977 1203410782.6157827 1245172892.2611809 1202759100.3484864 1286782358.7622747 2458060.0556782214 0 1 1
0.4643583531178592 1199822647.530838 1241813482.4390094 1199288331.8728662 1283011973.1582046 2458060.0577498977 0 1 0
0.4660567759087826 1203195951.9723508 1244750672.1513786 1202600654.6881046 1286444356.5932298 2458060.059821754 0 1 1
0.4677550391361365 1199477112.726573 1241492717.2429361 1198966206.2699175 1282702494.2318969 2458060.061893416 0 1 0
-0.49834418310638284 1197242594.274387 1238932578.3854873 1196652720.7787528 1280651755.8420548 2458060.103247988 0 2 0
-0.49664587597999343 1201789041.5025988 1243169324.1036632 1201214360.265326 1285047183.487112 2458060.1053197035 0 2 1
-0.49494741463468017 1198543909.840441 1240300966.191298 1197946906.9448724 1281806561.512399 2458060.107391607 0 2 0
-0.49324910789027854 1202060592.7138824 1243459694.080618 1201555297.7425954 1285259616.2320085 2458060.109463322 0 2 1
-0.491550656851814 1198194718.8382196 1239581363.904504 1197457294.4247851 1281594375.802507 2458060.111535213 0 2 0
-0.4898523611773271 1201755502.8688722 1243318998.5926375 1201182889.3336935 1285059444.1365352 2458060.1136069144 0 2 1
-0.4881539185366819 1198169431.7279835 1240388089.213004 1197602456.8857727 1281193773.2828743 2458060.115678795 0 2 0
-0.48645562858837366 1201215985.2230926 1242930376.478897 1200576536.8609333 1284455956.1143022 2458060.1177504896 0 2 1
-0.4847571920554401 1197245985.4836655 1238834194.6558743 1196641220.9943376 1280587286.2692814 2458060.119822363 0 2 0
-0.48305891584914207 1200936424.768598 1242568302.4157028 1200373610.6382809 1284175831.5126915 2458060.1218940406 0 2 1
-0.48136049305867346 1197544730.0234313 1239535186.8595095 1196991452.903335 1280605322.8480191 2458060.123965897 0 2 0
-0.4796622267776911 1201345010.9179115 1242911526.4891407 1200765280.444213 1284543617.834035 2458060.1260375627 0 2 1
-0.4779638120035088 1197964761.526312 1239667649.0328395 1197480976.704573 1281215459.0111582 2458060.1281094095 0 2 0
-0.4440631808301987 1197391818.8988214 1238825369.7098656 1196696836.2597194 1280838596.3537164 2458060.1694638026 0 3 0
-0.4423647225385139 1201910781.5347114 1243590055.4433322 1201192894.0418918 1285336194.5839534 2458060.1715357024 0 3 1
-0.44066641732115386 1198697489.341487 1240385146.6065679 1198017767.7946393 1282017753.0929341 2458060.1736074155 0 3 0
-0.4389679632286061 1202405420.7671242 1243997440.3082652 1201762732.5753257 1285690078.1651835 2458060.17567931 0 3 1
-0.4372696599198207 1198823066.7986426 1240394971.97159 1198156277.7673693 1282198164.4212823 2458060.177751021 0 3 0
-0.4355712088809014 1202495335.40409 1243977592.3973699 1201947840.5882554 1285737912.798025 2458060.179822912 0 3 1
-0.43387291816907236 1198874272.1517067 1240508469.5023532 1198274361.6172748 1282141727.1739082 2458060.1818946074 0 3 0
-0.432174480491085 1202814989.530823 1244563502.2013087 1202245663.0508094 1286031444.781142 2458060.183966482 0 3 1
-0.43047620008610465 1198998844.829054 1240609610.9740787 1198346176.4651535 1282350010.3851724 2458060.186038165 0 3 0
-0.42877777271451123 1202845159.0231757 1244547336.5571308 1202232806.1363103 1286151067.2615228 2458060.188110027 0 3 1
-0.427079497271734 1199637402.7182922 1241584804.4019613 1199080339.3239563 1282753692.5330808 2458060.190181704 0 3 0
-0.4253810752447862 1203182087.9747462 1244695658.010232 1202665555.1104789 1286453901.9481387 2458060.1922535594 0 3 1
-0.4236828120174323 1199947825.457901 1241904050.619747 1199397133.7840664 1283085536.462449 2458060.1943252212 0 3 0
-0.3897820411311841 1198324560.1195836 1239916994.2816932 1197722575.6996126 1281548809.4181335 2458060.235679785 0 4 0
-0.38808373056917844 1202944927.5092344 1244427895.8322911 1202270332.0021238 1286247958.119524 2458060.2377515044 0 4 1
-0.386385269987386 1199567494.1418905 1241031904.0491 1198933438.4762762 1282956742.7032995 2458060.239823407 0 4 0
-0.3846869678236544 1203694352.213658 1245130182.2767062 1203065999.131677 1286875541.4317222 2458060.2418951164 0 4 1
-0.3829885171667229 1200212164.4944868 1241809613.0329714 1199616414.6000686 1283535315.6965277 2458060.243967007 0 4 0
-0.3812902222557568 1204070614.8011045 1245645375.4590497 1203560759.4522686 1287344654.7559867 2458060.2460387074 0 4 1
-0.37959177999709937 1200717019.21597 1242453779.30489 1200120009.7118516 1284095256.535637 2458060.2481105877 0 4 0
-0.3778934900483364 1204300720.7794862 1245829093.6998081 1203816218.0904005 1287538336.746402 2458060.250182282 0 4 1
-0.3761950538973906 1201208736.2983747 1243653754.1883063 1200712310.1693416 1284228521.5767913 2458060.252254155 0 4 0
-0.37449677807308035 1204172452.0353808 1245568094.9193354 1203611201.8493214 1287370346.8285568 2458060.2543258322 0 4 1
-0.37279835566414476 1200670909.9995852 1242678047.0580618 1200196760.5238414 1283829932.8102493 2458060.2563976883 0 4 0
-0.37110008861918686 1203963207.9040227 1245509927.6334186 1203491193.5086744 1287350983.6627417 2458060.258469355 0 4 1
-0.3694016742269923 1200365560.4026194 1242321911.6062255 1199853982.831103 1283599388.35141 2458060.260541201 0 4 0
