0 2458059.9732 113 26.518452 0.0
1 2458059.97527 106 21.42766 0.306194409603
2 2458059.97734 116 19.214165 -0.259947302481
3 2458059.97942 99 19.837584 0.114823508528
4 2458059.98149 117 17.185097 -0.384642941974
5 2458059.98356 99 17.963926 0.0808683356223
6 2458059.98563 109 18.326061 -0.369165790517
7 2458059.9877 112 18.48022 0.0799612583576
8 2458059.98977 112 18.99627 -0.777175068345
9 2458059.99185 101 19.176182 0.0376132599325
10 2458059.99392 110 18.540176 -0.594738253397
11 2458059.99599 102 19.324284 -0.08653339515
12 2458060.03703 107 45.38078 0.422037212588
13 2458060.0391 111 32.72984 0.84580450147
14 2458060.04118 114 21.885538 0.129483522193
15 2458060.04325 110 19.976332 0.492641575197
16 2458060.04532 122 17.860455 -0.102331211923
17 2458060.04739 104 18.689617 0.137077841429
18 2458060.04946 108 17.835918 -0.298893158864
19 2458060.05153 98 18.870358 0.0102478603635
20 2458060.05361 110 18.480005 -0.17362253775
21 2458060.05568 105 18.830687 0.163113103238
22 2458060.05775 116 18.254143 -0.453505049518
23 2458060.05982 114 19.51213 0.0464681412505
24 2458060.06189 122 17.373743 -0.715271360567
25 2458060.10325 104 46.903667 0.351817423145
26 2458060.10532 110 34.820988 0.597657659465
27 2458060.10739 118 20.872595 -0.096148218262
28 2458060.10946 100 20.22361 0.227258817249
29 2458060.11154 120 19.461632 -0.501705293388
30 2458060.11361 113 18.917084 0.37292705977
31 2458060.11568 114 17.884396 -0.435706439849
32 2458060.11775 104 18.876572 0.0231873937852
33 2458060.11982 107 19.342773 -0.511437810388
34 2458060.12189 102 18.192513 -0.187683337527
35 2458060.12397 129 17.690384 -0.673372763748
36 2458060.12604 92 19.66988 -0.141698521472
37 2458060.12811 108 18.21299 -0.711821221695
38 2458060.16946 128 45.33168 0.167787997941
39 2458060.17154 106 32.45327 0.453468056763
40 2458060.17361 104 23.285822 -0.23133981802
41 2458060.17568 102 20.821436 0.381115172302
42 2458060.17775 111 18.69741 -0.186528416885
43 2458060.17982 105 18.519688 0.134503453327
44 2458060.18189 116 18.816883 -0.257891537927
45 2458060.18397 99 19.589827 -1.23188003254e-05
46 2458060.18604 110 17.758749 -0.418466914346
47 2458060.18811 99 19.914953 -0.0559377569896
48 2458060.19018 110 17.778038 -0.455137993953
49 2458060.19225 101 19.324974 -0.066774590836
50 2458060.19433 121 17.151985 -0.704719842286
51 2458060.23568 120 45.057224 -0.230061669196
52 2458060.23775 108 33.09639 0.400732598975
53 2458060.23982 111 22.128563 -0.145080153558
54 2458060.2419 109 18.8889 0.261369479012
55 2458060.24397 114 18.240446 -0.155368639538
56 2458060.24604 110 19.585812 -0.0546865746729
57 2458060.24811 116 18.611423 -0.249693678646
58 2458060.25018 99 18.684473 0.0624081032285
59 2458060.25225 105 17.383327 -0.621753890377
60 2458060.25433 102 18.50118 -0.0901504442914
61 2458060.2564 116 17.714268 -0.701841136941
62 2458060.25847 104 19.4398 -0.262771730348
63 2458060.26054 117 17.202824 -0.506538199983
