1.163 0.001440 0.000042 0.300 0.000 2.73                                        
1.188 0.001218 0.000042 0.300 0.000 2.72                                        
1.212 0.001211 0.000041 0.300 0.000 2.94                                        
1.238 0.001123 0.000041 0.300 0.000 2.97                                        
1.262 0.001183 0.000041 0.300 0.000 2.53                                        
1.288 0.001386 0.000042 0.300 0.000 2.19                                        
1.312 0.001150 0.000041 0.300 0.000 2.76                                        
1.337 0.001326 0.000042 0.300 0.000 2.90                                        
1.363 0.001212 0.000042 0.300 0.000 2.77                                        
1.387 0.001481 0.000043 0.300 0.000 2.67                                        
1.413 0.001321 0.000044 0.300 0.000 2.65                                        
1.438 0.001463 0.000045 0.300 0.000 2.18                                        
1.462 0.001448 0.000046 0.300 0.000 2.70                                        
1.488 0.001601 0.000047 0.300 0.000 2.47                                        
1.512 0.001468 0.000047 0.300 0.000 2.49                                        
1.538 0.001498 0.000049 0.300 0.000 2.51                                        
1.562 0.001573 0.000050 0.300 0.000 2.89                                        
1.587 0.001705 0.000051 0.300 0.000 2.86                                        
1.613 0.001434 0.000052 0.300 0.000 2.60                                        
1.637 0.001719 0.000054 0.300 0.000 2.52                                        
