0 2458059.9732 119 26.518452 0.0
1 2458059.97527 112 21.42766 0.317620154391
2 2458059.97734 119 19.214165 -0.224429265634
3 2458059.97942 104 19.837584 0.146289383241
4 2458059.98149 124 17.185097 -0.375268176281
5 2458059.98356 107 17.963926 0.130342384224
6 2458059.98563 118 18.326061 -0.362840342212
7 2458059.9877 125 18.48022 0.131300167189
8 2458059.98977 122 18.99627 -0.73637273063
9 2458059.99185 116 19.176182 0.0750305621706
10 2458059.99392 114 18.540176 -0.578087523731
11 2458059.99599 110 19.324284 -0.0628380505051
12 2458060.03703 118 45.38078 0.415178193355
13 2458060.0391 117 32.72984 0.885023792722
14 2458060.04118 118 21.885538 0.139670159572
15 2458060.04325 118 19.976332 0.523119791042
16 2458060.04532 126 17.860455 -0.0749649198397
17 2458060.04739 114 18.689617 0.175286602982
18 2458060.04946 114 17.835918 -0.269179802908
19 2458060.05153 107 18.870358 0.0490165509582
20 2458060.05361 114 18.480005 -0.172795460499
21 2458060.05568 114 18.830687 0.178005881964
22 2458060.05775 122 18.254143 -0.425070433989
23 2458060.05982 121 19.51213 0.0886365958451
24 2458060.06189 127 17.373743 -0.707257555496
25 2458060.10325 109 46.903667 0.361167695345
26 2458060.10532 121 34.820988 0.617639783275
27 2458060.10739 126 20.872595 -0.0695707802822
28 2458060.10946 105 20.22361 0.275672808239
29 2458060.11154 130 19.461632 -0.453788493807
30 2458060.11361 124 18.917084 0.408151761227
31 2458060.11568 118 17.884396 -0.428302151389
32 2458060.11775 113 18.876572 0.0518767730409
33 2458060.11982 110 19.342773 -0.497516740723
34 2458060.12189 112 18.192513 -0.153870724619
35 2458060.12397 136 17.690384 -0.665909388247
36 2458060.12604 101 19.66988 -0.0974176738552
37 2458060.12811 111 18.21299 -0.687435791822
38 2458060.16946 133 45.33168 0.163132702841
39 2458060.17154 113 32.45327 0.458719359446
40 2458060.17361 108 23.285822 -0.220140234673
41 2458060.17568 110 20.821436 0.390194688811
42 2458060.17775 116 18.69741 -0.148619642701
43 2458060.17982 120 18.519688 0.181623121932
44 2458060.18189 129 18.816883 -0.230391969801
45 2458060.18397 104 19.589827 -2.19357136897e-05
46 2458060.18604 119 17.758749 -0.388665659132
47 2458060.18811 119 19.914953 0.00336777873647
48 2458060.19018 121 17.778038 -0.446667119164
49 2458060.19225 109 19.324974 -0.0120150108895
50 2458060.19433 130 17.151985 -0.695357761474
51 2458060.23568 124 45.057224 -0.235736245327
52 2458060.23775 125 33.09639 0.417177914272
53 2458060.23982 113 22.128563 -0.111485874322
54 2458060.2419 142 18.8889 0.282326825011
55 2458060.24397 121 18.240446 -0.123209566942
56 2458060.24604 116 19.585812 -0.0411643159957
57 2458060.24811 126 18.611423 -0.225786371691
58 2458060.25018 107 18.684473 0.0789595304557
59 2458060.25225 113 17.383327 -0.631544965254
60 2458060.25433 108 18.50118 -0.04580872279
61 2458060.2564 130 17.714268 -0.691040747863
62 2458060.25847 115 19.4398 -0.234851496879
63 2458060.26054 122 17.202824 -0.480769583669
