0 2458059.9732 448 26.5185 0.0
1 2458059.97527 453 21.4277 0.0405972101364
2 2458059.97734 469 19.2142 -0.408869587318
3 2458059.97942 467 19.8376 -0.114470166461
4 2458059.98149 474 17.1851 0.347290709288
5 2458059.98356 473 17.9639 -0.894123128012
6 2458059.98563 441 18.3261 -0.641175197296
7 2458059.9877 475 18.4802 -0.158631712494
8 2458059.98977 449 18.9963 -0.939192242334
9 2458059.99185 471 19.1762 -0.249337623918
10 2458059.99392 454 18.5402 -0.760366925711
11 2458059.99599 421 19.3243 0.251919459605
12 2458060.03703 458 45.3808 0.453375673477
13 2458060.0391 477 32.7298 0.752133714735
14 2458060.04118 471 21.8855 0.149227017487
15 2458060.04325 465 19.9763 0.20441399991
16 2458060.04532 471 17.8605 0.0255209294254
17 2458060.04739 464 18.6896 -0.243757853399
18 2458060.04946 458 17.8359 -0.21945701501
19 2458060.05153 472 18.8704 -0.651681055239
20 2458060.05361 455 18.48 -0.284177293031
21 2458060.05568 459 18.8307 -0.0820413898893
22 2458060.05775 467 18.2541 -0.605315305679
23 2458060.05982 465 19.5121 -0.210021637874
24 2458060.06189 461 17.3737 -0.85961281538
25 2458060.10325 455 46.9037 0.137249174696
26 2458060.10532 467 34.821 0.356905512125
27 2458060.10739 449 20.8726 -0.163378011039
28 2458060.10946 470 20.2236 -0.0274943603382
29 2458060.11154 464 19.4616 -0.585638052154
30 2458060.11361 473 18.9171 0.0341670257924
31 2458060.11568 456 17.8844 -0.256592358165
32 2458060.11775 456 18.8766 -0.157028920297
33 2458060.11982 456 19.3428 -0.314093310869
34 2458060.12189 476 18.1925 -0.564152034193
35 2458060.12397 486 17.6904 -0.708250307981
36 2458060.12604 453 19.6699 -0.238758641085
37 2458060.12811 458 18.213 -0.605648661225
38 2458060.16946 460 45.3317 0.0199137900088
39 2458060.17154 469 32.4533 0.19447807182
40 2458060.17361 457 23.2858 -0.392317332696
41 2458060.17568 473 20.8214 0.114068692785
42 2458060.17775 425 18.6974 0.12122314067
43 2458060.17982 472 18.5197 -0.106054067452
44 2458060.18189 454 18.8169 -0.429087563537
45 2458060.18397 470 19.5898 -0.197227999289
46 2458060.18604 465 17.7587 -0.250117537273
47 2458060.18811 461 19.915 -0.257497653229
48 2458060.19018 462 17.778 -0.397962914738
49 2458060.19225 474 19.325 -0.344770757204
50 2458060.19433 446 17.152 -0.832483889694
51 2458060.23568 455 45.0572 -0.390405339894
52 2458060.23775 461 33.0964 -1.83438840027e-05
53 2458060.23982 456 22.1286 0.235983940064
54 2458060.2419 477 18.8889 0.0230326981343
55 2458060.24397 437 18.2404 -0.0726731808965
56 2458060.24604 466 19.5858 -0.184820482599
57 2458060.24811 445 18.6114 -0.434448306379
58 2458060.25018 485 18.6845 -0.168415990523
59 2458060.25225 447 17.3833 -0.624506524338
60 2458060.25433 479 18.5012 -0.634396532755
61 2458060.2564 467 17.7143 -0.828352428026
62 2458060.25847 465 19.4398 -0.432809054504
63 2458060.26054 460 17.2028 -0.546511030795
