0 2458059.9732004823 103 27.7872 0.0 0.0
1 2458059.975272201 107 22.713291 0.2954897136581334 -11.394820359099485
2 2458059.977344096 100 19.43705 -0.31846405207838857 -9.977245435241654
3 2458059.979415802 97 21.243732 0.4084792864586517 -12.404603774742773
4 2458059.9814876877 106 20.623905 -0.13645621343075565 0.1
5 2458059.983559388 105 21.327328 0.37375589661722386 -15.432636418067963
6 2458059.985631267 110 19.200634 -0.3987160348283063 -12.009403420661995
7 2458059.98770295 96 19.270266 0.4734320504070242 5.274619382795274
8 2458059.989774812 115 19.392588 -0.6494081292876769 0.1
9 2458059.9918464827 112 19.756489 0.39869142668847896 -9.412990160491173
10 2458059.9939183337 103 19.44174 -0.5030387270697163 -12.024383266231364
11 2458059.9959899993 105 20.931578 0.015597905799156464 0.1
12 2458060.0370319923 107 44.93212 0.4604162723166694 0.1
13 2458060.0391038926 97 34.030617 1.0097585226569 -12.411856145074884
14 2458060.041175606 105 23.181427 0.027370500793672894 -11.033084676276824
15 2458060.043247502 112 22.15586 0.7242339439341303 5.266306060183958
16 2458060.045319208 114 20.408525 0.19225940473492167 0.1
17 2458060.0473911 109 21.684784 0.40802303928549083 -15.487384338991935
18 2458060.0494628004 111 19.667524 -0.37184827223945033 0.1
19 2458060.051534675 106 20.76723 0.39607687006423586 -9.470142776335118
20 2458060.053606359 107 18.154865 -0.13586138603001274 -12.0465194407527
21 2458060.0556782214 107 20.869778 0.4920754943149614 -8.434213399095817
22 2458060.0577498977 107 19.78376 -0.34256028993766086 0.1
23 2458060.059821754 111 21.244953 0.2736145390718365 -2.407458489344378
24 2458060.061893416 109 20.1398 -0.6920745397959609 0.1
25 2458060.103247988 118 47.238052 0.3569375779902462 0.1
26 2458060.1053197035 98 33.37783 0.6831521243044343 5.2765305469801
27 2458060.107391607 107 24.329895 -0.13715740150398587 0.1
28 2458060.109463322 105 21.306147 0.5338546802675567 -9.468853145243644
29 2458060.111535213 111 20.213211 -0.5152276741119494 -20.071642295611298
30 2458060.1136069144 110 20.833769 0.5923553368570353 -9.452166585177922
31 2458060.115678795 112 18.019176 -0.16484676055094605 -27.106887056369796
32 2458060.1177504896 107 20.361532 0.43268834255070276 -22.543009427052688
33 2458060.119822363 118 18.871382 -0.5966508150438522 0.1
34 2458060.1218940406 102 21.377731 0.14632136476807509 -17.495685016076283
35 2458060.123965897 112 18.817404 -0.6583261035522615 0.1
36 2458060.1260375627 101 19.795395 0.10111705902033202 -0.2706100152611388
37 2458060.1281094095 126 18.915676 -0.8458218616526935 0.1
38 2458060.1694638026 107 45.9467 0.14882556854502677 0.1
39 2458060.1715357024 117 33.204475 0.8723481536682951 -12.518675750578382
40 2458060.1736074155 111 23.305782 -0.3069291939729388 0.1
41 2458060.17567931 101 20.49881 0.420625411091365 -15.525400914467594
42 2458060.177751021 104 19.91911 -0.2041183458603493 0.1
43 2458060.179822912 99 22.835403 0.29422440627635726 -7.475280197095482
44 2458060.1818946074 104 20.163239 -0.17262975520296048 0.1
45 2458060.183966482 104 19.21306 0.23579132997205615 -21.562489654291728
46 2458060.186038165 112 19.100796 -0.30996684991998114 0.1
47 2458060.188110027 112 20.290215 0.39826862618523273 -21.545753334431865
48 2458060.190181704 103 19.15755 -0.26338298098967655 0.1
49 2458060.1922535594 104 20.850557 0.03178687644662054 16.225919809049802
50 2458060.1943252212 117 20.393398 -0.5363803242407562 0.1
51 2458060.235679785 99 44.503387 -0.1342232249656437 0.1
52 2458060.2377515044 100 31.88728 0.5868518116652421 -18.55735523396529
53 2458060.239823407 123 22.060802 -0.2943830848954879 0.1
54 2458060.2418951164 106 21.704218 0.5886666058964852 -2.486825948213678
55 2458060.243967007 120 20.959412 -0.21442906570554643 0.1
56 2458060.2460387074 102 19.728224 0.32362093949143983 -12.587341356718678
57 2458060.2481105877 112 19.593025 -0.24855574338939423 -19.178270061718575
58 2458060.250182282 104 21.654863 0.4355367764575166 -16.558857174921343
59 2458060.252254155 110 19.143436 -0.5617063499269069 -13.14181478815371
60 2458060.2543258322 108 20.414856 0.09258503652447775 -7.549768750505304
61 2458060.2563976883 113 19.561361 -0.7709774398634611 0.1
62 2458060.258469355 108 22.258322 0.20230187687873866 -8.57327140871975
63 2458060.260541201 114 19.942215 -0.46644269194268384 0.1
