0.132607147361 32931.5145876 1494134.15483 11906.7115636 4301275.07378 2458059.97136 0 0 0
0.132929398226 1040071432.08 1064481433.87 1040544796.05 1066548010.84 2458059.9732 0 0 0
0.133291493486 1082646694.35 1107248225.61 1083365243.37 1109311198.36 2458059.97527 0 0 1
0.133653619591 1091751253.52 1116380395.77 1092368753.6 1118537768.95 2458059.97734 0 0 0
0.134015712572 1093752224.66 1118368411.84 1094285132.22 1120336322.1 2458059.97942 0 0 1
0.13437783705 972455559.116 996257392.633 972931701.767 998851199.411 2458059.98149 0 0 0
0.134739929135 1036550682.34 1060867752.73 1037185616.71 1062988182.41 2458059.98356 0 0 1
0.135102052392 1077196651.75 1101777211.89 1077765742.86 1103695975.14 2458059.98563 0 0 0
0.135464141385 1034691764.31 1058981550.81 1035293778.24 1061353722.17 2458059.9877 0 0 1
0.135826261712 1091480386.63 1116114989.37 1092072816.22 1118039614.48 2458059.98977 0 0 0
0.136188348589 1082696451.31 1107266515.16 1083142222.0 1109137037.69 2458059.99185 0 0 1
0.136550466962 1091690184.93 1116294243.22 1092045650.11 1118033566.87 2458059.99392 0 0 0
0.136912552944 1062400041.8 1086803161.62 1063049442.68 1088911558.18 2458059.99599 0 0 1
0.144085877796 1044358848.57 1068745488.94 1044859183.62 1070970148.37 2458060.03703 0 1 0
0.144448004797 1064897677.28 1089319038.03 1065173785.69 1091366731.69 2458060.0391 0 1 1
0.144810099161 1050220065.04 1074578961.65 1050707060.48 1076549085.63 2458060.04118 0 1 0
0.145172225348 1071511319.49 1096057713.54 1071837766.05 1097898399.15 2458060.04325 0 1 1
0.14553431841 1068837266.59 1093339534.64 1069167703.88 1095197529.39 2458060.04532 0 1 0
0.145896443946 1069275825.79 1093815126.17 1069920736.36 1095995072.77 2458060.04739 0 1 1
0.146258536032 1047995387.96 1072344868.3 1048516762.63 1074496335.42 2458060.04946 0 1 0
0.146620658556 1051994205.95 1076450984.55 1052620936.85 1078582934.37 2458060.05153 0 1 1
0.146982747712 1082639914.15 1107199665.63 1083050802.93 1109202083.23 2458060.05361 0 1 0
0.14734486812 1080728212.32 1105277121.94 1081164634.28 1107391937.18 2458060.05568 0 1 1
0.147706955973 1082979683.57 1107570708.83 1083416392.58 1109462424.71 2458060.05775 0 1 0
0.148069075324 1079908969.35 1104472249.1 1080532481.55 1106425424.15 2458060.05982 0 1 1
0.148431160654 1087959906.11 1112561269.73 1088163568.66 1114144992.07 2458060.06189 0 1 0
0.155659118081 1097596751.9 1122252357.56 1098115091.94 1124287956.77 2458060.10325 0 2 0
0.15602121277 1082407472.48 1106972249.82 1082936667.93 1109222165.2 2458060.10532 0 2 1
0.156383340341 1073842146.07 1098370689.57 1074449942.53 1100443040.85 2458060.10739 0 2 0
0.15674543495 1099647036.53 1124257371.75 1100113605.33 1126205094.31 2458060.10946 0 2 1
0.157107560323 1033089879.6 1057249591.53 1033305786.99 1059299314.58 2458060.11154 0 2 0
0.157469652571 1067263871.53 1091825927.36 1067769128.77 1093818848.64 2458060.11361 0 2 1
0.157831776154 970934265.556 994768439.157 971279335.075 997207166.935 2458060.11568 0 2 0
0.158193867181 1093516891.34 1118136733.41 1094213219.64 1120283275.27 2458060.11775 0 2 1
0.158555989461 1046157123.46 1070393118.57 1046848022.08 1072746871.52 2458060.11982 0 2 0
0.158918077559 1040473176.04 1064857351.37 1041095376.9 1066829493.78 2458060.12189 0 2 1
0.159280196909 1039347037.18 1063659326.02 1039797993.55 1065683214.59 2458060.12397 0 2 0
0.159642282891 1008079470.67 1032250867.05 1008513850.3 1034436388.68 2458060.12604 0 2 1
0.160004400532 1055979346.25 1080341459.67 1056488968.84 1082577765.62 2458060.12811 0 2 0
0.167232326705 1076474016.01 1101038308.15 1076947791.9 1103032299.19 2458060.16946 0 3 0
0.167594453625 1089343274.94 1113949183.62 1089812448.04 1115855314.43 2458060.17154 0 3 1
0.167956547908 1084706578.44 1109279478.04 1085004658.26 1111010414.16 2458060.17361 0 3 0
0.168318673932 1089959209.15 1114564104.59 1090454549.31 1116596720.03 2458060.17568 0 3 1
0.168680767808 1038218835.0 1062508363.55 1038470567.18 1064515720.69 2458060.17775 0 3 0
0.169042893181 1100994709.45 1125630121.38 1101609218.7 1127551590.31 2458060.17982 0 3 1
0.169404984371 1074388394.89 1098967130.81 1074788098.57 1100958592.54 2458060.18189 0 3 0
0.169767106896 1087235819.09 1111836313.82 1087901580.49 1113965437.38 2458060.18397 0 3 1
0.170129195889 1066937042.09 1091398423.65 1067407802.04 1093315494.32 2458060.18604 0 3 0
0.170491316216 1087153086.71 1111750510.33 1087572127.42 1113726176.15 2458060.18811 0 3 1
0.17085340415 1028875503.47 1053051755.41 1029391284.04 1055425338.83 2458060.19018 0 3 0
0.171215523338 1067599427.05 1092071068.49 1067993999.91 1093994264.31 2458060.19225 0 3 1
0.171577608668 1100588566.0 1125211064.59 1101124362.71 1127086194.74 2458060.19433 0 3 0
0.17880556463 1080221195.37 1104771328.92 1080692623.27 1106594286.66 2458060.23568 0 4 0
0.179167660052 1051361803.51 1075753479.44 1051784130.38 1077744186.3 2458060.23775 0 4 1
0.17952978746 1013258329.11 1037420128.44 1013474390.59 1039419404.47 2458060.23982 0 4 0
0.179891881092 1101000054.87 1125622072.13 1101410690.4 1127508774.03 2458060.2419 0 4 1
0.180254006383 1067402052.79 1091833270.06 1067885343.13 1093946578.53 2458060.24397 0 4 0
0.180616098469 1100087639.54 1124710158.54 1100391602.65 1126458732.49 2458060.24604 0 4 1
0.18097822197 1092002854.24 1116603299.92 1092230568.49 1118451796.3 2458060.24811 0 4 0
0.181340312997 1052445836.53 1076766786.84 1052838389.15 1078939452.12 2458060.25018 0 4 1
0.181702435197 1024785650.94 1049032903.92 1025351307.17 1051270241.37 2458060.25225 0 4 0
0.182064523213 1042349532.48 1066703216.61 1043160054.24 1068948242.51 2458060.25433 0 4 1
0.182426642482 1101388085.64 1126003557.84 1101850894.83 1127885427.53 2458060.2564 0 4 0
0.182788728626 1098622340.96 1123240773.79 1099077941.24 1125195342.53 2458060.25847 0 4 1
0.183150846186 1034263130.64 1058504415.48 1034751344.28 1060588483.22 2458060.26054 0 4 0
