0.132929398226 1781098251.08 1843666085.85 1781272400.45 1903632073.22 2458059.9732 0 0 0
0.133291493486 1789616833.45 1852308618.9 1789695384.3 1914638131.6 2458059.97527 0 0 1
0.133653619591 1786296556.07 1848897871.88 1786492005.01 1911015614.85 2458059.97734 0 0 0
0.134015712572 1793079027.79 1855615779.13 1793250648.97 1917869653.67 2458059.97942 0 0 1
0.13437783705 1790029439.45 1853035245.88 1790334122.38 1911565674.41 2458059.98149 0 0 0
0.134739929135 1795944295.56 1858230753.3 1796191201.8 1918615639.02 2458059.98356 0 0 1
0.135102052392 1792573427.96 1855158135.65 1792825067.06 1915224302.19 2458059.98563 0 0 0
0.135464141385 1798789084.59 1861663633.36 1798966697.84 1924662207.22 2458059.9877 0 0 1
0.135826261712 1795243698.23 1858092833.46 1795350049.08 1920288994.49 2458059.98977 0 0 0
0.136188348589 1800719273.5 1863500722.68 1800884838.67 1925632062.45 2458059.99185 0 0 1
0.136550466962 1796880516.2 1859972933.17 1797045437.38 1921120556.07 2458059.99392 0 0 0
0.136912552944 1801318236.4 1863668202.17 1801625468.88 1923131941.1 2458059.99599 0 0 1
0.144085877796 1793942262.51 1856489978.94 1793899573.01 1919103631.74 2458060.03703 0 1 0
0.144448004797 1800051421.18 1862551920.94 1800128597.94 1925290911.81 2458060.0391 0 1 1
0.144810099161 1796342317.58 1858800380.75 1796525166.04 1919255050.55 2458060.04118 0 1 0
0.145172225348 1801618485.94 1864076249.84 1801827651.3 1924327089.97 2458060.04325 0 1 1
0.14553431841 1797678907.46 1860453935.52 1797707152.2 1922838663.79 2458060.04532 0 1 0
0.145896443946 1802182318.05 1864645153.58 1802411314.08 1927412572.96 2458060.04739 0 1 1
0.146258536032 1798291385.99 1861743247.97 1798587352.19 1921732271.71 2458060.04946 0 1 0
0.146620658556 1802203147.76 1864582095.79 1802548343.62 1927237104.34 2458060.05153 0 1 1
0.146982747712 1797932802.01 1860790170.48 1798190188.21 1920504614.69 2458060.05361 0 1 0
0.14734486812 1802197697.82 1864822961.39 1802349896.84 1926270998.29 2458060.05568 0 1 1
0.147706955973 1797921832.49 1860996444.32 1798100412.95 1923222889.26 2458060.05775 0 1 0
0.148069075324 1802004476.87 1864539767.55 1802235321.3 1927704147.76 2458060.05982 0 1 1
0.148431160654 1797516698.26 1860413498.38 1797684197.98 1920986294.98 2458060.06189 0 1 0
0.155659118081 1794089272.69 1856773036.3 1794357295.26 1917488265.96 2458060.10325 0 2 0
0.15602121277 1799725775.84 1862242316.86 1799850028.15 1924856518.52 2458060.10532 0 2 1
0.156383340341 1796151785.23 1859027494.33 1796459763.1 1919729669.26 2458060.10739 0 2 0
0.15674543495 1800265024.97 1862753498.32 1800568236.56 1925511027.32 2458060.10946 0 2 1
0.157107560323 1795702345.95 1858014331.14 1795806226.49 1918913146.82 2458060.11154 0 2 0
0.157469652571 1799901697.05 1862285263.87 1800160677.05 1925178097.85 2458060.11361 0 2 1
0.157831776154 1795546363.58 1859052863.23 1795885954.79 1917813400.73 2458060.11568 0 2 0
0.158193867181 1798963590.56 1861535030.01 1799268448.45 1924154645.43 2458060.11775 0 2 1
0.158555989461 1794410749.89 1857209361.19 1794653389.9 1916889599.36 2458060.11982 0 2 0
0.158918077559 1798617400.47 1861109324.5 1798729822.39 1923928085.88 2458060.12189 0 2 1
0.159280196909 1794585372.66 1857466479.79 1794643656.92 1920078842.31 2458060.12397 0 2 0
0.159642282891 1799043822.22 1861829567.71 1799141577.41 1924966002.71 2458060.12604 0 2 1
0.160004400532 1795530238.88 1858526094.74 1795738511.63 1920037933.81 2458060.12811 0 2 0
0.167232326705 1794224723.0 1856194413.91 1794169056.78 1918187791.36 2458060.16946 0 3 0
0.167594453625 1800049338.65 1862662806.01 1800182446.31 1925403801.95 2458060.17154 0 3 1
0.167956547908 1796531624.22 1859351462.54 1796755620.8 1918596647.58 2458060.17361 0 3 0
0.168318673932 1800774594.44 1863467402.75 1800875037.13 1926225029.07 2458060.17568 0 3 1
0.168680767808 1796860206.2 1859866290.89 1797035286.39 1920381241.71 2458060.17775 0 3 0
0.169042893181 1800992864.08 1863444949.4 1801212495.84 1925103582.3 2458060.17982 0 3 1
0.169404984371 1796710513.18 1859583398.12 1796919220.82 1920800065.35 2458060.18189 0 3 0
0.169767106896 1801237660.25 1863907872.33 1801421684.96 1926412693.43 2458060.18397 0 3 1
0.170129195889 1796703622.6 1859068308.15 1796861882.3 1918621587.08 2458060.18604 0 3 0
0.170491316216 1801453262.58 1864104437.69 1801587617.21 1926733261.19 2458060.18811 0 3 1
0.17085340415 1797410289.76 1860152174.17 1797689801.02 1921055969.0 2458060.19018 0 3 0
0.171215523338 1801745293.07 1864009723.54 1802096021.01 1925025076.11 2458060.19225 0 3 1
0.171577608668 1797957134.17 1860501963.31 1798132736.2 1920543020.64 2458060.19433 0 3 0
0.17880556463 1795622824.98 1857769215.64 1795717098.26 1918135950.9 2458060.23568 0 4 0
0.179167660052 1801445723.13 1863721101.87 1801600512.14 1926322290.32 2458060.23775 0 4 1
0.17952978746 1798159973.5 1861173023.91 1798286025.35 1923354639.42 2458060.23982 0 4 0
0.179891881092 1802760510.62 1865388723.93 1802872574.25 1927788511.08 2458060.2419 0 4 1
0.180254006383 1799190830.69 1862587837.94 1799496110.83 1923563158.32 2458060.24397 0 4 0
0.180616098469 1803195966.25 1865780138.12 1803459849.61 1926511142.81 2458060.24604 0 4 1
0.18097822197 1799352197.99 1862174675.78 1799544298.46 1922370751.75 2458060.24811 0 4 0
0.181340312997 1803634260.75 1866146790.68 1803759132.88 1927820074.12 2458060.25018 0 4 1
0.181702435197 1799948660.03 1863522889.5 1800136392.37 1925343508.16 2458060.25225 0 4 0
0.182064523213 1803405887.14 1865748241.25 1803736601.59 1928390493.75 2458060.25433 0 4 1
0.182426642482 1799211643.86 1862129416.37 1799357476.68 1923887855.4 2458060.2564 0 4 0
0.182788728626 1803086201.79 1865787793.95 1803335842.87 1928519254.68 2458060.25847 0 4 1
0.183150846186 1798840084.42 1861781404.23 1798918216.39 1924541808.86 2458060.26054 0 4 0
