#time 		photoelectrons 	error 		visit 	orbit 	scan 	wave_center 	wave_start 	wave_end
0.395048218673 14267130.3813 4920142.18811 1.06071428571 0.0 2458059.9732 0.0 0.0 0.0
0.396746528472 14341185.383 4945186.73024 1.06071428571 0.0 2458059.97527 0.0 0.0 1.0
0.398444982946 14309254.066 4935264.50783 1.06071428571 0.0 2458059.97734 0.0 0.0 0.0
0.400143282056 14367371.8859 4954365.41958 1.06071428571 0.0 2458059.97942 0.0 0.0 1.0
0.401841728896 14336630.0277 4944825.25334 1.06071428571 0.0 2458059.98149 0.0 0.0 0.0
0.403540023807 14391034.4854 4962547.42282 1.06071428571 0.0 2458059.98356 0.0 0.0 1.0
0.40523846492 14364195.12 4954211.64003 1.06071428571 0.0 2458059.98563 0.0 0.0 0.0
0.406936745325 14412765.013 4970073.05795 1.06071428571 0.0 2458059.9877 0.0 0.0 1.0
0.408635172696 14379630.9882 4959281.13353 1.06071428571 0.0 2458059.98977 0.0 0.0 0.0
0.410333443177 14425617.0566 4974315.97222 1.06071428571 0.0 2458059.99185 0.0 0.0 1.0
0.412031861387 14396411.4648 4965030.45096 1.06071428571 0.0 2458059.99392 0.0 0.0 0.0
0.413730127668 14435995.9363 4977659.34206 1.06071428571 0.0 2458059.99599 0.0 0.0 1.0
0.447374666124 14367027.16 4953702.8493 1.06071428571 0.0 2458060.03703 0.0 1.0 0.0
0.449073124797 14424673.3313 4973515.93965 1.06071428571 0.0 2458060.0391 0.0 1.0 1.0
0.450771430397 14389740.7247 4962535.55943 1.06071428571 0.0 2458060.04118 0.0 1.0 0.0
0.452469885252 14437833.6032 4978239.00408 1.06071428571 0.0 2458060.04325 0.0 1.0 1.0
0.454168184745 14400860.805 4966589.72877 1.06071428571 0.0 2458060.04532 0.0 1.0 0.0
0.455866636546 14445831.2616 4980965.96856 1.06071428571 0.0 2458060.04739 0.0 1.0 1.0
0.457564931457 14398988.6349 4965817.77692 1.06071428571 0.0 2458060.04946 0.0 1.0 0.0
0.459263369135 14438974.4575 4978671.81618 1.06071428571 0.0 2458060.05153 0.0 1.0 1.0
0.460961650304 14405513.3595 4968177.1311 1.06071428571 0.0 2458060.05361 0.0 1.0 0.0
0.462660078057 14439610.1764 4978824.42571 1.06071428571 0.0 2458060.05568 0.0 1.0 1.0
0.464358353118 14400052.8726 4966385.60909 1.06071428571 0.0 2458060.05775 0.0 1.0 0.0
0.466056775909 14438979.5717 4978701.223 1.06071428571 0.0 2458060.05982 0.0 1.0 1.0
0.467755039136 14394769.9423 4964639.81287 1.06071428571 0.0 2458060.06189 0.0 1.0 0.0
-0.498344183106 14366108.6358 4953209.95091 1.06071428571 0.0 2458060.10325 0.0 2.0 0.0
-0.49664587598 14418685.7024 4971512.04601 1.06071428571 0.0 2458060.10532 0.0 2.0 1.0
-0.494947414635 14385318.5005 4961152.40527 1.06071428571 0.0 2458060.10739 0.0 2.0 0.0
-0.49324910789 14423192.5168 4973149.51302 1.06071428571 0.0 2458060.10946 0.0 2.0 1.0
-0.491550656852 14384925.0651 4960838.42622 1.06071428571 0.0 2458060.11154 0.0 2.0 0.0
-0.489852361177 14418622.4412 4971917.55288 1.06071428571 0.0 2458060.11361 0.0 2.0 1.0
-0.488153918537 14375048.2662 4957737.84528 1.06071428571 0.0 2458060.11568 0.0 2.0 0.0
-0.486455628588 14412108.8763 4969429.45317 1.06071428571 0.0 2458060.11775 0.0 2.0 1.0
-0.484757192055 14372577.2188 4956909.99686 1.06071428571 0.0 2458060.11982 0.0 2.0 0.0
-0.483058915849 14404721.6574 4967056.44847 1.06071428571 0.0 2458060.12189 0.0 2.0 1.0
-0.481360493059 14369281.375 4955827.05788 1.06071428571 0.0 2458060.12397 0.0 2.0 0.0
-0.479662226778 14416354.4502 4971117.19204 1.06071428571 0.0 2458060.12604 0.0 2.0 1.0
-0.477963812004 14380251.5672 4959610.28066 1.06071428571 0.0 2458060.12811 0.0 2.0 0.0
-0.44406318083 14370795.3938 4954625.42486 1.06071428571 0.0 2458060.16946 0.0 3.0 0.0
-0.442364722539 14419293.9616 4971444.27654 1.06071428571 0.0 2458060.17154 0.0 3.0 1.0
-0.440666417321 14386903.1382 4961489.65581 1.06071428571 0.0 2458060.17361 0.0 3.0 0.0
-0.438967963229 14421375.1727 4972481.80789 1.06071428571 0.0 2458060.17568 0.0 3.0 1.0
-0.43726965992 14389244.6595 4962475.04495 1.06071428571 0.0 2458060.17775 0.0 3.0 0.0
-0.435571208881 14430106.8578 4975615.07884 1.06071428571 0.0 2458060.17982 0.0 3.0 1.0
-0.433872918169 14390986.1233 4963295.58622 1.06071428571 0.0 2458060.18189 0.0 3.0 0.0
-0.432174480491 14423832.011 4973466.45095 1.06071428571 0.0 2458060.18397 0.0 3.0 1.0
-0.430476200086 14389697.7957 4962672.59561 1.06071428571 0.0 2458060.18604 0.0 3.0 0.0
-0.428777772715 14430546.9086 4975684.734 1.06071428571 0.0 2458060.18811 0.0 3.0 1.0
-0.427079497272 14399868.4284 4966494.59078 1.06071428571 0.0 2458060.19018 0.0 3.0 0.0
-0.425381075245 14435322.2254 4977603.79076 1.06071428571 0.0 2458060.19225 0.0 3.0 1.0
-0.423682812017 14402954.2408 4967293.90276 1.06071428571 0.0 2458060.19433 0.0 3.0 0.0
-0.389782041131 14382471.4351 4958536.84548 1.06071428571 0.0 2458060.23568 0.0 4.0 0.0
-0.388083730569 14431120.6712 4975476.1372 1.06071428571 0.0 2458060.23775 0.0 4.0 1.0
-0.386385269987 14398348.6051 4965396.44628 1.06071428571 0.0 2458060.23982 0.0 4.0 0.0
-0.384686967824 14442538.6149 4979675.83655 1.06071428571 0.0 2458060.2419 0.0 4.0 1.0
-0.382988517167 14406679.9312 4968379.50701 1.06071428571 0.0 2458060.24397 0.0 4.0 0.0
-0.381290222256 14445876.1392 4980975.43274 1.06071428571 0.0 2458060.24604 0.0 4.0 1.0
-0.379591779997 14412757.2082 4970405.86694 1.06071428571 0.0 2458060.24811 0.0 4.0 0.0
-0.377893490048 14452765.8132 4983351.25261 1.06071428571 0.0 2458060.25018 0.0 4.0 1.0
-0.376195053897 14417461.661 4972382.29882 1.06071428571 0.0 2458060.25225 0.0 4.0 0.0
-0.374496778073 14448305.889 4981924.6644 1.06071428571 0.0 2458060.25433 0.0 4.0 1.0
-0.372798355664 14406230.9998 4968388.45762 1.06071428571 0.0 2458060.2564 0.0 4.0 0.0
-0.371100088619 14443243.3267 4979965.22866 1.06071428571 0.0 2458060.25847 0.0 4.0 1.0
-0.369401674227 14405776.9248 4968113.90595 1.06071428571 0.0 2458060.26054 0.0 4.0 0.0
