#time 		photoelectrons 	error 		visit 	orbit 	scan 	wave_center 	wave_start 	wave_end
0.395048218673 14183713.4047 4892350.02508 1.08214285714 0.0 2458059.9732 0.0 0.0 0.0
0.396746528472 14253726.0487 4915937.38623 1.08214285714 0.0 2458059.97527 0.0 0.0 1.0
0.398444982946 14233595.3391 4909899.58909 1.08214285714 0.0 2458059.97734 0.0 0.0 0.0
0.400143282056 14281009.6669 4925398.55332 1.08214285714 0.0 2458059.97942 0.0 0.0 1.0
0.401841728896 14261156.2607 4919502.51283 1.08214285714 0.0 2458059.98149 0.0 0.0 0.0
0.403540023807 14305544.3328 4933972.50867 1.08214285714 0.0 2458059.98356 0.0 0.0 1.0
0.40523846492 14282940.5662 4927033.06087 1.08214285714 0.0 2458059.98563 0.0 0.0 0.0
0.406936745325 14331959.4089 4942887.10911 1.08214285714 0.0 2458059.9877 0.0 0.0 1.0
0.408635172696 14295945.5925 4931340.82523 1.08214285714 0.0 2458059.98977 0.0 0.0 0.0
0.410333443177 14346415.4213 4947895.00713 1.08214285714 0.0 2458059.99185 0.0 0.0 1.0
0.412031861387 14312483.321 4936901.20855 1.08214285714 0.0 2458059.99392 0.0 0.0 0.0
0.413730127668 14344840.8395 4947174.35878 1.08214285714 0.0 2458059.99599 0.0 0.0 1.0
0.447374666124 14285932.597 4926537.63501 1.08214285714 0.0 2458060.03703 0.0 1.0 0.0
0.449073124797 14340016.9822 4945061.48086 1.08214285714 0.0 2458060.0391 0.0 1.0 1.0
0.450771430397 14305245.5562 4934319.05645 1.08214285714 0.0 2458060.04118 0.0 1.0 0.0
0.452469885252 14351220.6917 4949259.8389 1.08214285714 0.0 2458060.04325 0.0 1.0 1.0
0.454168184745 14309783.1259 4936057.47604 1.08214285714 0.0 2458060.04532 0.0 1.0 0.0
0.455866636546 14355149.2472 4950754.28302 1.08214285714 0.0 2458060.04739 0.0 1.0 1.0
0.457564931457 14316131.6163 4938227.30472 1.08214285714 0.0 2458060.04946 0.0 1.0 0.0
0.459263369135 14354467.3833 4950445.27218 1.08214285714 0.0 2458060.05153 0.0 1.0 1.0
0.460961650304 14318279.6566 4938867.2963 1.08214285714 0.0 2458060.05361 0.0 1.0 0.0
0.462660078057 14347335.6522 4947979.90577 1.08214285714 0.0 2458060.05568 0.0 1.0 1.0
0.464358353118 14314716.6151 4937867.66579 1.08214285714 0.0 2458060.05775 0.0 1.0 0.0
0.466056775909 14353286.8666 4950081.81377 1.08214285714 0.0 2458060.05982 0.0 1.0 1.0
0.467755039136 14311491.35 4936795.43172 1.08214285714 0.0 2458060.06189 0.0 1.0 0.0
-0.498344183106 14287118.4789 4926919.23601 1.08214285714 0.0 2458060.10325 0.0 2.0 0.0
-0.49664587598 14329711.5081 4941696.57321 1.08214285714 0.0 2458060.10532 0.0 2.0 1.0
-0.494947414635 14307017.5476 4934967.71448 1.08214285714 0.0 2458060.10739 0.0 2.0 0.0
-0.49324910789 14333290.5944 4942950.26388 1.08214285714 0.0 2458060.10946 0.0 2.0 1.0
-0.491550656852 14297651.2472 4931424.08798 1.08214285714 0.0 2458060.11154 0.0 2.0 0.0
-0.489852361177 14332643.6355 4943171.0905 1.08214285714 0.0 2458060.11361 0.0 2.0 1.0
-0.488153918537 14294124.8276 4930510.06002 1.08214285714 0.0 2458060.11568 0.0 2.0 0.0
-0.486455628588 14317638.347 4937720.67068 1.08214285714 0.0 2458060.11775 0.0 2.0 1.0
-0.484757192055 14285552.9784 4927751.92635 1.08214285714 0.0 2458060.11982 0.0 2.0 0.0
-0.483058915849 14316547.0152 4937492.87226 1.08214285714 0.0 2458060.12189 0.0 2.0 1.0
-0.481360493059 14284869.6501 4927433.07076 1.08214285714 0.0 2458060.12397 0.0 2.0 0.0
-0.479662226778 14321220.7957 4939068.82943 1.08214285714 0.0 2458060.12604 0.0 2.0 1.0
-0.477963812004 14293165.7148 4930337.5954 1.08214285714 0.0 2458060.12811 0.0 2.0 0.0
-0.44406318083 14289531.1693 4927532.71039 1.08214285714 0.0 2458060.16946 0.0 3.0 0.0
-0.442364722539 14329046.8834 4941176.45533 1.08214285714 0.0 2458060.17154 0.0 3.0 1.0
-0.440666417321 14301523.632 4933081.93409 1.08214285714 0.0 2458060.17361 0.0 3.0 0.0
-0.438967963229 14335090.7329 4943550.80032 1.08214285714 0.0 2458060.17568 0.0 3.0 1.0
-0.43726965992 14306164.2701 4934561.71415 1.08214285714 0.0 2458060.17775 0.0 3.0 0.0
-0.435571208881 14336279.3829 4944256.94864 1.08214285714 0.0 2458060.17982 0.0 3.0 1.0
-0.433872918169 14308760.7977 4935718.64473 1.08214285714 0.0 2458060.18189 0.0 3.0 0.0
-0.432174480491 14343808.3174 4946708.16392 1.08214285714 0.0 2458060.18397 0.0 3.0 1.0
-0.430476200086 14303985.7789 4933888.49813 1.08214285714 0.0 2458060.18604 0.0 3.0 0.0
-0.428777772715 14349489.7428 4948307.8846 1.08214285714 0.0 2458060.18811 0.0 3.0 1.0
-0.427079497272 14315265.2662 4938160.17583 1.08214285714 0.0 2458060.19018 0.0 3.0 0.0
-0.425381075245 14343871.1206 4946931.48366 1.08214285714 0.0 2458060.19225 0.0 3.0 1.0
-0.423682812017 14311704.6347 4936696.06141 1.08214285714 0.0 2458060.19433 0.0 3.0 0.0
-0.389782041131 14298369.2355 4930476.00935 1.08214285714 0.0 2458060.23568 0.0 4.0 0.0
-0.388083730569 14340995.4914 4945298.9816 1.08214285714 0.0 2458060.23775 0.0 4.0 1.0
-0.386385269987 14310719.5344 4936088.97896 1.08214285714 0.0 2458060.23982 0.0 4.0 0.0
-0.384686967824 14350198.4792 4948724.47085 1.08214285714 0.0 2458060.2419 0.0 4.0 1.0
-0.382988517167 14324091.7518 4940788.27039 1.08214285714 0.0 2458060.24397 0.0 4.0 0.0
-0.381290222256 14355967.3663 4951013.72351 1.08214285714 0.0 2458060.24604 0.0 4.0 1.0
-0.379591779997 14322899.2884 4940316.25623 1.08214285714 0.0 2458060.24811 0.0 4.0 0.0
-0.377893490048 14365312.629 4954069.2575 1.08214285714 0.0 2458060.25018 0.0 4.0 1.0
-0.376195053897 14337901.4324 4945754.7213 1.08214285714 0.0 2458060.25225 0.0 4.0 0.0
-0.374496778073 14360788.3266 4952376.61748 1.08214285714 0.0 2458060.25433 0.0 4.0 1.0
-0.372798355664 14320168.0568 4939620.97936 1.08214285714 0.0 2458060.2564 0.0 4.0 0.0
-0.371100088619 14357610.2858 4951308.30867 1.08214285714 0.0 2458060.25847 0.0 4.0 1.0
-0.369401674227 14316499.0365 4938246.18644 1.08214285714 0.0 2458060.26054 0.0 4.0 0.0
