#time 		photoelectrons 	error 		visit 	orbit 	scan 	wave_center 	wave_start 	wave_end
0.395048218673 12824650.2256 4431207.06341 0.932142857143 0.0 2458059.9732 0.0 0.0 0.0
0.396746528472 12881125.1457 4449985.91494 0.932142857143 0.0 2458059.97527 0.0 0.0 1.0
0.398444982946 12865251.4802 4445481.02357 0.932142857143 0.0 2458059.97734 0.0 0.0 0.0
0.400143282056 12903738.2708 4457866.94343 0.932142857143 0.0 2458059.97942 0.0 0.0 1.0
0.401841728896 12886836.9948 4453151.90466 0.932142857143 0.0 2458059.98149 0.0 0.0 0.0
0.403540023807 12930295.8453 4466961.04436 0.932142857143 0.0 2458059.98356 0.0 0.0 1.0
0.40523846492 12908338.5582 4460455.11672 0.932142857143 0.0 2458059.98563 0.0 0.0 0.0
0.406936745325 12948700.8595 4473262.31521 0.932142857143 0.0 2458059.9877 0.0 0.0 1.0
0.408635172696 12923457.5635 4465476.23223 0.932142857143 0.0 2458059.98977 0.0 0.0 0.0
0.410333443177 12958637.7471 4476469.14686 0.932142857143 0.0 2458059.99185 0.0 0.0 1.0
0.412031861387 12932222.7108 4468412.93841 0.932142857143 0.0 2458059.99392 0.0 0.0 0.0
0.413730127668 12963238.8166 4477981.39231 0.932142857143 0.0 2458059.99599 0.0 0.0 1.0
0.447374666124 12912106.1687 4460265.51613 0.932142857143 0.0 2458060.03703 0.0 1.0 0.0
0.449073124797 12961160.275 4476926.94198 0.932142857143 0.0 2458060.0391 0.0 1.0 1.0
0.450771430397 12931076.7995 4467946.79726 0.932142857143 0.0 2458060.04118 0.0 1.0 0.0
0.452469885252 12968888.5386 4480021.84002 0.932142857143 0.0 2458060.04325 0.0 1.0 1.0
0.454168184745 12938742.83 4470857.43036 0.932142857143 0.0 2458060.04532 0.0 1.0 0.0
0.455866636546 12973607.2178 4481652.29363 0.932142857143 0.0 2458060.04739 0.0 1.0 1.0
0.457564931457 12941813.1751 4471627.40956 0.932142857143 0.0 2458060.04946 0.0 1.0 0.0
0.459263369135 12971769.279 4480901.63143 0.932142857143 0.0 2458060.05153 0.0 1.0 1.0
0.460961650304 12944359.4818 4472672.03655 0.932142857143 0.0 2458060.05361 0.0 1.0 0.0
0.462660078057 12968070.4321 4479479.07553 0.932142857143 0.0 2458060.05568 0.0 1.0 1.0
0.464358353118 12936694.8154 4469945.91057 0.932142857143 0.0 2458060.05775 0.0 1.0 0.0
0.466056775909 12969694.3017 4480326.39187 0.932142857143 0.0 2458060.05982 0.0 1.0 1.0
0.467755039136 12934730.6046 4469398.24848 0.932142857143 0.0 2458060.06189 0.0 1.0 0.0
-0.498344183106 12910704.0715 4459718.43145 0.932142857143 0.0 2458060.10325 0.0 2.0 0.0
-0.49664587598 12958154.3468 4475955.77542 0.932142857143 0.0 2458060.10532 0.0 2.0 1.0
-0.494947414635 12927866.2882 4466873.75989 0.932142857143 0.0 2458060.10739 0.0 2.0 0.0
-0.49324910789 12960279.6363 4476720.94468 0.932142857143 0.0 2458060.10946 0.0 2.0 1.0
-0.491550656852 12927977.7746 4466629.7399 0.932142857143 0.0 2458060.11154 0.0 2.0 0.0
-0.489852361177 12954609.2365 4475203.3358 0.932142857143 0.0 2458060.11361 0.0 2.0 1.0
-0.488153918537 12920733.1272 4464511.5239 0.932142857143 0.0 2458060.11568 0.0 2.0 0.0
-0.486455628588 12944794.4014 4471585.27059 0.932142857143 0.0 2458060.11775 0.0 2.0 1.0
-0.484757192055 12915766.563 4462795.10667 0.932142857143 0.0 2458060.11982 0.0 2.0 0.0
-0.483058915849 12946295.488 4472271.09801 0.932142857143 0.0 2458060.12189 0.0 2.0 1.0
-0.481360493059 12915939.338 4462816.82119 0.932142857143 0.0 2458060.12397 0.0 2.0 0.0
-0.479662226778 12949802.2476 4473485.6642 0.932142857143 0.0 2458060.12604 0.0 2.0 1.0
-0.477963812004 12931545.4579 4468178.44761 0.932142857143 0.0 2458060.12811 0.0 2.0 0.0
-0.44406318083 12914403.4187 4460643.8302 0.932142857143 0.0 2458060.16946 0.0 3.0 0.0
-0.442364722539 12959870.4131 4476301.68835 0.932142857143 0.0 2458060.17154 0.0 3.0 1.0
-0.440666417321 12928929.5635 4467009.80625 0.932142857143 0.0 2458060.17361 0.0 3.0 0.0
-0.438967963229 12958919.0046 4476222.65525 0.932142857143 0.0 2458060.17568 0.0 3.0 1.0
-0.43726965992 12929580.1766 4467354.4718 0.932142857143 0.0 2458060.17775 0.0 3.0 0.0
-0.435571208881 12966245.5295 4478890.35998 0.932142857143 0.0 2458060.17982 0.0 3.0 1.0
-0.433872918169 12934319.7086 4469254.37883 0.932142857143 0.0 2458060.18189 0.0 3.0 0.0
-0.432174480491 12963124.9772 4477938.65464 0.932142857143 0.0 2458060.18397 0.0 3.0 1.0
-0.430476200086 12935706.4285 4469673.25729 0.932142857143 0.0 2458060.18604 0.0 3.0 0.0
-0.428777772715 12963112.7014 4477767.08052 0.932142857143 0.0 2458060.18811 0.0 3.0 1.0
-0.427079497272 12938309.3608 4470729.65335 0.932142857143 0.0 2458060.19018 0.0 3.0 0.0
-0.425381075245 12969152.695 4480119.24538 0.932142857143 0.0 2458060.19225 0.0 3.0 1.0
-0.423682812017 12943647.0554 4472330.77671 0.932142857143 0.0 2458060.19433 0.0 3.0 0.0
-0.389782041131 12921500.8225 4463133.03241 0.932142857143 0.0 2458060.23568 0.0 4.0 0.0
-0.388083730569 12968312.1838 4479122.24648 0.932142857143 0.0 2458060.23775 0.0 4.0 1.0
-0.386385269987 12939229.8691 4470494.81089 0.932142857143 0.0 2458060.23982 0.0 4.0 0.0
-0.384686967824 12975243.5503 4481905.08195 0.932142857143 0.0 2458060.2419 0.0 4.0 1.0
-0.382988517167 12951596.9899 4474859.4774 0.932142857143 0.0 2458060.24397 0.0 4.0 0.0
-0.381290222256 12980964.836 4484029.84381 0.932142857143 0.0 2458060.24604 0.0 4.0 1.0
-0.379591779997 12951013.0206 4474657.33762 0.932142857143 0.0 2458060.24811 0.0 4.0 0.0
-0.377893490048 12981643.0973 4484242.15669 0.932142857143 0.0 2458060.25018 0.0 4.0 1.0
-0.376195053897 12954979.4374 4476401.7083 0.932142857143 0.0 2458060.25225 0.0 4.0 0.0
-0.374496778073 12978613.6492 4483231.10231 0.932142857143 0.0 2458060.25433 0.0 4.0 1.0
-0.372798355664 12949466.9857 4474296.65713 0.932142857143 0.0 2458060.2564 0.0 4.0 0.0
-0.371100088619 12978772.1929 4483202.99983 0.932142857143 0.0 2458060.25847 0.0 4.0 1.0
-0.369401674227 12945556.4932 4473020.16675 0.932142857143 0.0 2458060.26054 0.0 4.0 0.0
