#time 		photoelectrons 	error 		visit 	orbit 	scan 	wave_center 	wave_start 	wave_end
0.395048218673 13628671.4475 4704153.58208 1.11071428571 0.0 2458059.9732 0.0 0.0 0.0
0.396746528472 13691497.618 4725108.23902 1.11071428571 0.0 2458059.97527 0.0 0.0 1.0
0.398444982946 13675681.3454 4720522.42237 1.11071428571 0.0 2458059.97734 0.0 0.0 0.0
0.400143282056 13727763.11 4737542.84768 1.11071428571 0.0 2458059.97942 0.0 0.0 1.0
0.401841728896 13703941.8416 4730421.93626 1.11071428571 0.0 2458059.98149 0.0 0.0 0.0
0.403540023807 13740691.9606 4742113.05226 1.11071428571 0.0 2458059.98356 0.0 0.0 1.0
0.40523846492 13720051.0054 4736013.83276 1.11071428571 0.0 2458059.98563 0.0 0.0 0.0
0.406936745325 13756765.299 4748035.85604 1.11071428571 0.0 2458059.9877 0.0 0.0 1.0
0.408635172696 13736550.6961 4741504.45332 1.11071428571 0.0 2458059.98977 0.0 0.0 0.0
0.410333443177 13778436.9362 4755111.92246 1.11071428571 0.0 2458059.99185 0.0 0.0 1.0
0.412031861387 13746831.0352 4744952.98315 1.11071428571 0.0 2458059.99392 0.0 0.0 0.0
0.413730127668 13781485.9594 4755820.96213 1.11071428571 0.0 2458059.99599 0.0 0.0 1.0
0.447374666124 13731515.6026 4738146.8265 1.11071428571 0.0 2458060.03703 0.0 1.0 0.0
0.449073124797 13772322.1303 4752337.77564 1.11071428571 0.0 2458060.0391 0.0 1.0 1.0
0.450771430397 13743375.7853 4743552.97093 1.11071428571 0.0 2458060.04118 0.0 1.0 0.0
0.452469885252 13773995.8266 4753578.64092 1.11071428571 0.0 2458060.04325 0.0 1.0 1.0
0.454168184745 13757274.5909 4748511.21425 1.11071428571 0.0 2458060.04532 0.0 1.0 0.0
0.455866636546 13790289.663 4758833.11754 1.11071428571 0.0 2458060.04739 0.0 1.0 1.0
0.457564931457 13760804.3519 4749602.28438 1.11071428571 0.0 2458060.04946 0.0 1.0 0.0
0.459263369135 13789298.4954 4758603.57372 1.11071428571 0.0 2458060.05153 0.0 1.0 1.0
0.460961650304 13756370.606 4748268.91498 1.11071428571 0.0 2458060.05361 0.0 1.0 0.0
0.462660078057 13778274.2757 4754661.88474 1.11071428571 0.0 2458060.05568 0.0 1.0 1.0
0.464358353118 13762483.713 4750312.30007 1.11071428571 0.0 2458060.05775 0.0 1.0 0.0
0.466056775909 13787335.1091 4758012.37291 1.11071428571 0.0 2458060.05982 0.0 1.0 1.0
0.467755039136 13749693.0995 4746082.87704 1.11071428571 0.0 2458060.06189 0.0 1.0 0.0
-0.498344183106 13729589.5305 4737753.25591 1.11071428571 0.0 2458060.10325 0.0 2.0 0.0
-0.49664587598 13772488.242 4752846.82926 1.11071428571 0.0 2458060.10532 0.0 2.0 1.0
-0.494947414635 13738212.1029 4741883.8344 1.11071428571 0.0 2458060.10739 0.0 2.0 0.0
-0.49324910789 13772617.3167 4752760.44209 1.11071428571 0.0 2458060.10946 0.0 2.0 1.0
-0.491550656852 13732508.4519 4739781.57914 1.11071428571 0.0 2458060.11154 0.0 2.0 0.0
-0.489852361177 13766668.8232 4751048.52306 1.11071428571 0.0 2458060.11361 0.0 2.0 1.0
-0.488153918537 13744996.1396 4744121.77425 1.11071428571 0.0 2458060.11568 0.0 2.0 0.0
-0.486455628588 13758581.0316 4748157.55364 1.11071428571 0.0 2458060.11775 0.0 2.0 1.0
-0.484757192055 13721719.3722 4736195.34467 1.11071428571 0.0 2458060.11982 0.0 2.0 0.0
-0.483058915849 13756977.4048 4747815.36551 1.11071428571 0.0 2458060.12189 0.0 2.0 1.0
-0.481360493059 13722211.3336 4736458.23874 1.11071428571 0.0 2458060.12397 0.0 2.0 0.0
-0.479662226778 13757661.6346 4747840.27365 1.11071428571 0.0 2458060.12604 0.0 2.0 1.0
-0.477963812004 13731225.7248 4739750.19312 1.11071428571 0.0 2458060.12811 0.0 2.0 0.0
-0.44406318083 13725317.432 4736119.54234 1.11071428571 0.0 2458060.16946 0.0 3.0 0.0
-0.442364722539 13762534.3694 4749010.37962 1.11071428571 0.0 2458060.17154 0.0 3.0 1.0
-0.440666417321 13745547.0173 4744457.00866 1.11071428571 0.0 2458060.17361 0.0 3.0 0.0
-0.438967963229 13775839.4953 4753710.02112 1.11071428571 0.0 2458060.17568 0.0 3.0 1.0
-0.43726965992 13740116.6523 4742693.70924 1.11071428571 0.0 2458060.17775 0.0 3.0 0.0
-0.435571208881 13773090.2005 4752934.30592 1.11071428571 0.0 2458060.17982 0.0 3.0 1.0
-0.433872918169 13746253.8666 4744717.20579 1.11071428571 0.0 2458060.18189 0.0 3.0 0.0
-0.432174480491 13780461.9348 4755589.91787 1.11071428571 0.0 2458060.18397 0.0 3.0 1.0
-0.430476200086 13744784.9185 4744144.04066 1.11071428571 0.0 2458060.18604 0.0 3.0 0.0
-0.428777772715 13777059.5869 4754194.50314 1.11071428571 0.0 2458060.18811 0.0 3.0 1.0
-0.427079497272 13747398.366 4745265.82977 1.11071428571 0.0 2458060.19018 0.0 3.0 0.0
-0.425381075245 13784552.1533 4757016.06886 1.11071428571 0.0 2458060.19225 0.0 3.0 1.0
-0.423682812017 13758556.1258 4749083.95841 1.11071428571 0.0 2458060.19433 0.0 3.0 0.0
-0.389782041131 13730513.3115 4737708.95622 1.11071428571 0.0 2458060.23568 0.0 4.0 0.0
-0.388083730569 13781026.7179 4755195.02862 1.11071428571 0.0 2458060.23775 0.0 4.0 1.0
-0.386385269987 13754733.1791 4747470.63135 1.11071428571 0.0 2458060.23982 0.0 4.0 0.0
-0.384686967824 13789539.0302 4758511.76461 1.11071428571 0.0 2458060.2419 0.0 4.0 1.0
-0.382988517167 13766352.1894 4751342.10866 1.11071428571 0.0 2458060.24397 0.0 4.0 0.0
-0.381290222256 13791978.6653 4759380.50703 1.11071428571 0.0 2458060.24604 0.0 4.0 1.0
-0.379591779997 13756341.7068 4748234.20013 1.11071428571 0.0 2458060.24811 0.0 4.0 0.0
-0.377893490048 13794847.9699 4760620.17593 1.11071428571 0.0 2458060.25018 0.0 4.0 1.0
-0.376195053897 13760092.4847 4749671.72959 1.11071428571 0.0 2458060.25225 0.0 4.0 0.0
-0.374496778073 13785906.5594 4757390.61278 1.11071428571 0.0 2458060.25433 0.0 4.0 1.0
-0.372798355664 13763102.7022 4750346.15906 1.11071428571 0.0 2458060.2564 0.0 4.0 0.0
-0.371100088619 13786604.8914 4757675.44327 1.11071428571 0.0 2458060.25847 0.0 4.0 1.0
-0.369401674227 13763092.7942 4750363.33903 1.11071428571 0.0 2458060.26054 0.0 4.0 0.0
