#time 		photoelectrons 	error 		visit 	orbit 	scan 	wave_center 	wave_start 	wave_end
0.395048218673 14167711.7627 4893349.8914 1.075 0.0 2458059.9732 0.0 0.0 0.0
0.396746528472 14245629.5365 4921540.21441 1.075 0.0 2458059.97527 0.0 0.0 1.0
0.398444982946 14219192.4196 4912773.73573 1.075 0.0 2458059.97734 0.0 0.0 0.0
0.400143282056 14279410.6833 4933305.14996 1.075 0.0 2458059.97942 0.0 0.0 1.0
0.401841728896 14239111.0378 4918387.74205 1.075 0.0 2458059.98149 0.0 0.0 0.0
0.403540023807 14300754.5888 4940880.85818 1.075 0.0 2458059.98356 0.0 0.0 1.0
0.40523846492 14268984.5235 4930154.20415 1.075 0.0 2458059.98563 0.0 0.0 0.0
0.406936745325 14324483.2106 4949559.81729 1.075 0.0 2458059.9877 0.0 0.0 1.0
0.408635172696 14285194.7273 4936087.57909 1.075 0.0 2458059.98977 0.0 0.0 0.0
0.410333443177 14332343.6869 4950986.35861 1.075 0.0 2458059.99185 0.0 0.0 1.0
0.412031861387 14298820.2894 4939254.33378 1.075 0.0 2458059.99392 0.0 0.0 0.0
0.413730127668 14341319.7197 4953878.82817 1.075 0.0 2458059.99599 0.0 0.0 1.0
0.447374666124 14274332.6774 4928873.76459 1.075 0.0 2458060.03703 0.0 1.0 0.0
0.449073124797 14334515.7944 4951743.42109 1.075 0.0 2458060.0391 0.0 1.0 1.0
0.450771430397 14294506.8618 4937890.43097 1.075 0.0 2458060.04118 0.0 1.0 0.0
0.452469885252 14349568.9838 4957975.55227 1.075 0.0 2458060.04325 0.0 1.0 1.0
0.454168184745 14304551.55 4941872.55517 1.075 0.0 2458060.04532 0.0 1.0 0.0
0.455866636546 14353662.3825 4959210.09872 1.075 0.0 2458060.04739 0.0 1.0 1.0
0.457564931457 14314357.7609 4946045.12714 1.075 0.0 2458060.04946 0.0 1.0 0.0
0.459263369135 14345205.7319 4955684.15255 1.075 0.0 2458060.05153 0.0 1.0 1.0
0.460961650304 14300302.9872 4939547.97781 1.075 0.0 2458060.05361 0.0 1.0 0.0
0.462660078057 14341776.502 4954412.73202 1.075 0.0 2458060.05568 0.0 1.0 1.0
0.464358353118 14301422.3092 4941034.74888 1.075 0.0 2458060.05775 0.0 1.0 0.0
0.466056775909 14345145.0724 4956188.07033 1.075 0.0 2458060.05982 0.0 1.0 1.0
0.467755039136 14298196.9232 4939685.85656 1.075 0.0 2458060.06189 0.0 1.0 0.0
-0.498344183106 14270857.6319 4927679.12319 1.075 0.0 2458060.10325 0.0 2.0 0.0
-0.49664587598 14332881.3106 4952226.02282 1.075 0.0 2458060.10532 0.0 2.0 1.0
-0.494947414635 14290458.656 4936809.70021 1.075 0.0 2458060.10739 0.0 2.0 0.0
-0.49324910789 14331975.3395 4950565.82476 1.075 0.0 2458060.10946 0.0 2.0 1.0
-0.491550656852 14296801.0284 4940898.09042 1.075 0.0 2458060.11154 0.0 2.0 0.0
-0.489852361177 14337298.4956 4954467.39733 1.075 0.0 2458060.11361 0.0 2.0 1.0
-0.488153918537 14277872.0868 4932747.3691 1.075 0.0 2458060.11568 0.0 2.0 0.0
-0.486455628588 14312528.0662 4943286.55132 1.075 0.0 2458060.11775 0.0 2.0 1.0
-0.484757192055 14279163.6532 4933705.71271 1.075 0.0 2458060.11982 0.0 2.0 0.0
-0.483058915849 14317257.6372 4946459.35268 1.075 0.0 2458060.12189 0.0 2.0 1.0
-0.481360493059 14273785.2545 4930693.90502 1.075 0.0 2458060.12397 0.0 2.0 0.0
-0.479662226778 14324654.786 4949039.82308 1.075 0.0 2458060.12604 0.0 2.0 1.0
-0.477963812004 14279955.3591 4932520.63445 1.075 0.0 2458060.12811 0.0 2.0 0.0
-0.44406318083 14270469.6737 4927915.81978 1.075 0.0 2458060.16946 0.0 3.0 0.0
-0.442364722539 14324121.2828 4946869.45405 1.075 0.0 2458060.17154 0.0 3.0 1.0
-0.440666417321 14301410.1468 4941998.65168 1.075 0.0 2458060.17361 0.0 3.0 0.0
-0.438967963229 14332491.5518 4950401.84265 1.075 0.0 2458060.17568 0.0 3.0 1.0
-0.43726965992 14297685.9162 4940650.19845 1.075 0.0 2458060.17775 0.0 3.0 0.0
-0.435571208881 14327279.228 4949514.66295 1.075 0.0 2458060.17982 0.0 3.0 1.0
-0.433872918169 14295465.5905 4938669.88647 1.075 0.0 2458060.18189 0.0 3.0 0.0
-0.432174480491 14331439.5615 4950230.84506 1.075 0.0 2458060.18397 0.0 3.0 1.0
-0.430476200086 14297756.5405 4940323.5205 1.075 0.0 2458060.18604 0.0 3.0 0.0
-0.428777772715 14339461.7945 4952877.8897 1.075 0.0 2458060.18811 0.0 3.0 1.0
-0.427079497272 14297447.1115 4939733.38256 1.075 0.0 2458060.19018 0.0 3.0 0.0
-0.425381075245 14350984.5834 4959072.53255 1.075 0.0 2458060.19225 0.0 3.0 1.0
-0.423682812017 14305703.3621 4941985.15827 1.075 0.0 2458060.19433 0.0 3.0 0.0
-0.389782041131 14277967.9222 4929385.33302 1.075 0.0 2458060.23568 0.0 4.0 0.0
-0.388083730569 14335646.4773 4951256.39832 1.075 0.0 2458060.23775 0.0 4.0 1.0
-0.386385269987 14309457.5764 4943806.39435 1.075 0.0 2458060.23982 0.0 4.0 0.0
-0.384686967824 14346755.0178 4956604.40003 1.075 0.0 2458060.2419 0.0 4.0 1.0
-0.382988517167 14309312.7544 4943918.00636 1.075 0.0 2458060.24397 0.0 4.0 0.0
-0.381290222256 14357377.0078 4960405.21156 1.075 0.0 2458060.24604 0.0 4.0 1.0
-0.379591779997 14318451.5053 4947435.79386 1.075 0.0 2458060.24811 0.0 4.0 0.0
-0.377893490048 14357160.0899 4959624.30655 1.075 0.0 2458060.25018 0.0 4.0 1.0
-0.376195053897 14306906.5307 4941806.18753 1.075 0.0 2458060.25225 0.0 4.0 0.0
-0.374496778073 14355965.1402 4959358.04519 1.075 0.0 2458060.25433 0.0 4.0 1.0
-0.372798355664 14308866.9339 4943805.33129 1.075 0.0 2458060.2564 0.0 4.0 0.0
-0.371100088619 14348498.7825 4956928.7706 1.075 0.0 2458060.25847 0.0 4.0 1.0
-0.369401674227 14308518.1022 4943131.46552 1.075 0.0 2458060.26054 0.0 4.0 0.0
