#time 		photoelectrons 	error 		visit 	orbit 	scan 	wave_center 	wave_start 	wave_end
0.395048218673 14337635.9733 4943692.6407 0.967857142857 0.0 2458059.9732 0.0 0.0 0.0
0.396746528472 14401259.8931 4965077.10553 0.967857142857 0.0 2458059.97527 0.0 0.0 1.0
0.398444982946 14379465.3657 4958715.57826 0.967857142857 0.0 2458059.97734 0.0 0.0 0.0
0.400143282056 14428294.6705 4974627.52419 0.967857142857 0.0 2458059.97942 0.0 0.0 1.0
0.401841728896 14408444.4841 4968809.34128 0.967857142857 0.0 2458059.98149 0.0 0.0 0.0
0.403540023807 14452913.8802 4983062.65963 0.967857142857 0.0 2458059.98356 0.0 0.0 1.0
0.40523846492 14431499.5044 4976813.14223 0.967857142857 0.0 2458059.98563 0.0 0.0 0.0
0.406936745325 14479950.0693 4992384.28609 0.967857142857 0.0 2458059.9877 0.0 0.0 1.0
0.408635172696 14444444.9542 4980991.29632 0.967857142857 0.0 2458059.98977 0.0 0.0 0.0
0.410333443177 14488914.509 4995284.90992 0.967857142857 0.0 2458059.99185 0.0 0.0 1.0
0.412031861387 14458252.5576 4985673.52987 0.967857142857 0.0 2458059.99392 0.0 0.0 0.0
0.413730127668 14498310.3054 4998390.30689 0.967857142857 0.0 2458059.99599 0.0 0.0 1.0
0.447374666124 14438475.9489 4977298.92142 0.967857142857 0.0 2458060.03703 0.0 1.0 0.0
0.449073124797 14487279.6316 4994107.17239 0.967857142857 0.0 2458060.0391 0.0 1.0 1.0
0.450771430397 14465612.0477 4987963.67172 0.967857142857 0.0 2458060.04118 0.0 1.0 0.0
0.452469885252 14501320.4415 4999366.52537 0.967857142857 0.0 2458060.04325 0.0 1.0 1.0
0.454168184745 14469175.0568 4989499.92444 0.967857142857 0.0 2458060.04532 0.0 1.0 0.0
0.455866636546 14496789.0582 4997857.66788 0.967857142857 0.0 2458060.04739 0.0 1.0 1.0
0.457564931457 14466585.3371 4988576.20476 0.967857142857 0.0 2458060.04946 0.0 1.0 0.0
0.459263369135 14504461.4522 5000567.3095 0.967857142857 0.0 2458060.05153 0.0 1.0 1.0
0.460961650304 14473797.5091 4991207.40913 0.967857142857 0.0 2458060.05361 0.0 1.0 0.0
0.462660078057 14505002.9159 5000616.87524 0.967857142857 0.0 2458060.05568 0.0 1.0 1.0
0.464358353118 14463290.1677 4987597.41686 0.967857142857 0.0 2458060.05775 0.0 1.0 0.0
0.466056775909 14496040.54 4997619.82211 0.967857142857 0.0 2458060.05982 0.0 1.0 1.0
0.467755039136 14462433.483 4987099.0455 0.967857142857 0.0 2458060.06189 0.0 1.0 0.0
-0.498344183106 14436675.6254 4976802.66671 0.967857142857 0.0 2458060.10325 0.0 2.0 0.0
-0.49664587598 14481624.7249 4992440.84527 0.967857142857 0.0 2458060.10532 0.0 2.0 1.0
-0.494947414635 14456163.6862 4984902.47868 0.967857142857 0.0 2458060.10739 0.0 2.0 0.0
-0.49324910789 14488198.98 4994635.44081 0.967857142857 0.0 2458060.10946 0.0 2.0 1.0
-0.491550656852 14454001.3679 4983938.5225 0.967857142857 0.0 2458060.11154 0.0 2.0 0.0
-0.489852361177 14483763.2472 4993553.92537 0.967857142857 0.0 2458060.11361 0.0 2.0 1.0
-0.488153918537 14447109.7286 4981999.33384 0.967857142857 0.0 2458060.11568 0.0 2.0 0.0
-0.486455628588 14479483.3016 4991804.0882 0.967857142857 0.0 2458060.11775 0.0 2.0 1.0
-0.484757192055 14440414.1504 4979668.48001 0.967857142857 0.0 2458060.11982 0.0 2.0 0.0
-0.483058915849 14472977.0204 4989779.8349 0.967857142857 0.0 2458060.12189 0.0 2.0 1.0
-0.481360493059 14437676.4455 4978672.57229 0.967857142857 0.0 2458060.12397 0.0 2.0 0.0
-0.479662226778 14475666.806 4990627.80029 0.967857142857 0.0 2458060.12604 0.0 2.0 1.0
-0.477963812004 14441584.6487 4979985.06305 0.967857142857 0.0 2458060.12811 0.0 2.0 0.0
-0.44406318083 14438246.0913 4977016.70825 0.967857142857 0.0 2458060.16946 0.0 3.0 0.0
-0.442364722539 14484069.8973 4992943.50596 0.967857142857 0.0 2458060.17154 0.0 3.0 1.0
-0.440666417321 14455814.2576 4984550.61848 0.967857142857 0.0 2458060.17361 0.0 3.0 0.0
-0.438967963229 14490904.6762 4995500.12 0.967857142857 0.0 2458060.17568 0.0 3.0 1.0
-0.43726965992 14462442.0553 4987100.56271 0.967857142857 0.0 2458060.17775 0.0 3.0 0.0
-0.435571208881 14495712.2466 4997362.4373 0.967857142857 0.0 2458060.17982 0.0 3.0 1.0
-0.433872918169 14458575.0916 4985850.07624 0.967857142857 0.0 2458060.18189 0.0 3.0 0.0
-0.432174480491 14496495.4435 4997641.77291 0.967857142857 0.0 2458060.18397 0.0 3.0 1.0
-0.430476200086 14462914.4714 4987283.07163 0.967857142857 0.0 2458060.18604 0.0 3.0 0.0
-0.428777772715 14493064.5135 4996445.53518 0.967857142857 0.0 2458060.18811 0.0 3.0 1.0
-0.427079497272 14465789.389 4988539.95058 0.967857142857 0.0 2458060.19018 0.0 3.0 0.0
-0.425381075245 14495797.8279 4997581.32846 0.967857142857 0.0 2458060.19225 0.0 3.0 1.0
-0.423682812017 14466015.9564 4988494.81112 0.967857142857 0.0 2458060.19433 0.0 3.0 0.0
-0.389782041131 14450911.6267 4981279.02777 0.967857142857 0.0 2458060.23568 0.0 4.0 0.0
-0.388083730569 14495681.8673 4996800.50226 0.967857142857 0.0 2458060.23775 0.0 4.0 1.0
-0.386385269987 14471315.4335 4989787.53091 0.967857142857 0.0 2458060.23982 0.0 4.0 0.0
-0.384686967824 14510337.2905 5002248.95536 0.967857142857 0.0 2458060.2419 0.0 4.0 1.0
-0.382988517167 14479152.189 4992740.77134 0.967857142857 0.0 2458060.24397 0.0 4.0 0.0
-0.381290222256 14511996.68 5002972.04589 0.967857142857 0.0 2458060.24604 0.0 4.0 1.0
-0.379591779997 14481856.9455 4993504.98605 0.967857142857 0.0 2458060.24811 0.0 4.0 0.0
-0.377893490048 14512820.4186 5003256.05916 0.967857142857 0.0 2458060.25018 0.0 4.0 1.0
-0.376195053897 14483215.0054 4994485.48727 0.967857142857 0.0 2458060.25225 0.0 4.0 0.0
-0.374496778073 14512448.876 5003156.69912 0.967857142857 0.0 2458060.25433 0.0 4.0 1.0
-0.372798355664 14478034.0402 4992456.33849 0.967857142857 0.0 2458060.2564 0.0 4.0 0.0
-0.371100088619 14508674.4626 5001800.33991 0.967857142857 0.0 2458060.25847 0.0 4.0 1.0
-0.369401674227 14474490.5375 4991218.96313 0.967857142857 0.0 2458060.26054 0.0 4.0 0.0
