#time 		photoelectrons 	error 		visit 	orbit 	scan 	wave_center 	wave_start 	wave_end
0.395048218673 13161483.3723 4544766.34616 1.125 0.0 2458059.9732 0.0 0.0 0.0
0.396746528472 13230697.0042 4568086.67892 1.125 0.0 2458059.97527 0.0 0.0 1.0
0.398444982946 13200366.703 4558665.11212 1.125 0.0 2458059.97734 0.0 0.0 0.0
0.400143282056 13250970.2715 4575095.50132 1.125 0.0 2458059.97942 0.0 0.0 1.0
0.401841728896 13236537.5899 4570832.49892 1.125 0.0 2458059.98149 0.0 0.0 0.0
0.403540023807 13277270.2703 4584398.93091 1.125 0.0 2458059.98356 0.0 0.0 1.0
0.40523846492 13244830.8654 4573926.13155 1.125 0.0 2458059.98563 0.0 0.0 0.0
0.406936745325 13295836.2258 4590998.77283 1.125 0.0 2458059.9877 0.0 0.0 1.0
0.408635172696 13263371.5934 4579933.41769 1.125 0.0 2458059.98977 0.0 0.0 0.0
0.410333443177 13305952.8823 4594060.94299 1.125 0.0 2458059.99185 0.0 0.0 1.0
0.412031861387 13281005.7151 4586058.12699 1.125 0.0 2458059.99392 0.0 0.0 0.0
0.413730127668 13316828.2775 4597459.73317 1.125 0.0 2458059.99599 0.0 0.0 1.0
0.447374666124 13261424.5361 4578027.34471 1.125 0.0 2458060.03703 0.0 1.0 0.0
0.449073124797 13304387.7478 4593047.6712 1.125 0.0 2458060.0391 0.0 1.0 1.0
0.450771430397 13269893.0061 4582044.35297 1.125 0.0 2458060.04118 0.0 1.0 0.0
0.452469885252 13311283.7131 4595778.12627 1.125 0.0 2458060.04325 0.0 1.0 1.0
0.454168184745 13289358.3182 4588933.82229 1.125 0.0 2458060.04532 0.0 1.0 0.0
0.455866636546 13306922.1816 4594349.35462 1.125 0.0 2458060.04739 0.0 1.0 1.0
0.457564931457 13287646.4091 4588223.93652 1.125 0.0 2458060.04946 0.0 1.0 0.0
0.459263369135 13317748.0837 4597708.82653 1.125 0.0 2458060.05153 0.0 1.0 1.0
0.460961650304 13279840.847 4585886.03694 1.125 0.0 2458060.05361 0.0 1.0 0.0
0.462660078057 13319651.8856 4598480.49697 1.125 0.0 2458060.05568 0.0 1.0 1.0
0.464358353118 13296295.7088 4591289.14625 1.125 0.0 2458060.05775 0.0 1.0 0.0
0.466056775909 13305172.1378 4593653.74644 1.125 0.0 2458060.05982 0.0 1.0 1.0
0.467755039136 13281197.06 4586234.58534 1.125 0.0 2458060.06189 0.0 1.0 0.0
-0.498344183106 13251322.4158 4574544.41782 1.125 0.0 2458060.10325 0.0 2.0 0.0
-0.49664587598 13294709.0078 4590073.32015 1.125 0.0 2458060.10532 0.0 2.0 1.0
-0.494947414635 13272899.0498 4583176.97993 1.125 0.0 2458060.10739 0.0 2.0 0.0
-0.49324910789 13302152.4527 4592297.95723 1.125 0.0 2458060.10946 0.0 2.0 1.0
-0.491550656852 13262649.1581 4579333.49381 1.125 0.0 2458060.11154 0.0 2.0 0.0
-0.489852361177 13300870.1465 4592284.09621 1.125 0.0 2458060.11361 0.0 2.0 1.0
-0.488153918537 13268045.5667 4581572.91268 1.125 0.0 2458060.11568 0.0 2.0 0.0
-0.486455628588 13285845.6096 4586901.7322 1.125 0.0 2458060.11775 0.0 2.0 1.0
-0.484757192055 13258210.0488 4578085.44365 1.125 0.0 2458060.11982 0.0 2.0 0.0
-0.483058915849 13291844.7984 4589131.50323 1.125 0.0 2458060.12189 0.0 2.0 1.0
-0.481360493059 13250908.3499 4575775.88854 1.125 0.0 2458060.12397 0.0 2.0 0.0
-0.479662226778 13283496.6821 4586167.25959 1.125 0.0 2458060.12604 0.0 2.0 1.0
-0.477963812004 13265322.9455 4580863.86226 1.125 0.0 2458060.12811 0.0 2.0 0.0
-0.44406318083 13257457.385 4576472.28724 1.125 0.0 2458060.16946 0.0 3.0 0.0
-0.442364722539 13295373.974 4589599.27852 1.125 0.0 2458060.17154 0.0 3.0 1.0
-0.440666417321 13269365.7809 4581739.03021 1.125 0.0 2458060.17361 0.0 3.0 0.0
-0.438967963229 13306716.5471 4593769.54198 1.125 0.0 2458060.17568 0.0 3.0 1.0
-0.43726965992 13270307.2772 4582223.56321 1.125 0.0 2458060.17775 0.0 3.0 0.0
-0.435571208881 13310134.7827 4595072.12938 1.125 0.0 2458060.17982 0.0 3.0 1.0
-0.433872918169 13277620.8098 4584652.81086 1.125 0.0 2458060.18189 0.0 3.0 0.0
-0.432174480491 13305975.1147 4593775.88983 1.125 0.0 2458060.18397 0.0 3.0 1.0
-0.430476200086 13267610.5467 4581482.946 1.125 0.0 2458060.18604 0.0 3.0 0.0
-0.428777772715 13309692.9652 4594895.41204 1.125 0.0 2458060.18811 0.0 3.0 1.0
-0.427079497272 13285879.7296 4588023.55661 1.125 0.0 2458060.19018 0.0 3.0 0.0
-0.425381075245 13318234.1848 4598243.30339 1.125 0.0 2458060.19225 0.0 3.0 1.0
-0.423682812017 13287634.1113 4588059.6714 1.125 0.0 2458060.19433 0.0 3.0 0.0
-0.389782041131 13265873.0792 4579184.70268 1.125 0.0 2458060.23568 0.0 4.0 0.0
-0.388083730569 13303439.7534 4592561.73681 1.125 0.0 2458060.23775 0.0 4.0 1.0
-0.386385269987 13286565.1005 4587900.77829 1.125 0.0 2458060.23982 0.0 4.0 0.0
-0.384686967824 13318751.0728 4598056.64288 1.125 0.0 2458060.2419 0.0 4.0 1.0
-0.382988517167 13288629.2709 4588499.63054 1.125 0.0 2458060.24397 0.0 4.0 0.0
-0.381290222256 13319545.8681 4598744.70988 1.125 0.0 2458060.24604 0.0 4.0 1.0
-0.379591779997 13286447.9684 4587703.29822 1.125 0.0 2458060.24811 0.0 4.0 0.0
-0.377893490048 13313483.8677 4596656.27834 1.125 0.0 2458060.25018 0.0 4.0 1.0
-0.376195053897 13303857.0635 4593998.45103 1.125 0.0 2458060.25225 0.0 4.0 0.0
-0.374496778073 13326365.2346 4600935.74188 1.125 0.0 2458060.25433 0.0 4.0 1.0
-0.372798355664 13296810.2011 4591172.19224 1.125 0.0 2458060.2564 0.0 4.0 0.0
-0.371100088619 13317951.6397 4598081.55809 1.125 0.0 2458060.25847 0.0 4.0 1.0
-0.369401674227 13300394.858 4592411.54141 1.125 0.0 2458060.26054 0.0 4.0 0.0
