#time 		photoelectrons 	error 		visit 	orbit 	scan 	wave_center 	wave_start 	wave_end
0.395048218673 9256131.21327 3222178.02924 0.867857142857 0.0 2458059.9732 0.0 0.0 0.0
0.396746528472 9294924.53721 3235310.59348 0.867857142857 0.0 2458059.97527 0.0 0.0 1.0
0.398444982946 9278658.7916 3230216.44642 0.867857142857 0.0 2458059.97734 0.0 0.0 0.0
0.400143282056 9310560.95651 3240576.06891 0.867857142857 0.0 2458059.97942 0.0 0.0 1.0
0.401841728896 9299596.25933 3237386.23697 0.867857142857 0.0 2458059.98149 0.0 0.0 0.0
0.403540023807 9329484.20384 3247011.57898 0.867857142857 0.0 2458059.98356 0.0 0.0 1.0
0.40523846492 9313613.93567 3242262.656 0.867857142857 0.0 2458059.98563 0.0 0.0 0.0
0.406936745325 9346353.00565 3252951.99215 0.867857142857 0.0 2458059.9877 0.0 0.0 1.0
0.408635172696 9333445.95195 3248822.90092 0.867857142857 0.0 2458059.98977 0.0 0.0 0.0
0.410333443177 9354788.90567 3255457.59812 0.867857142857 0.0 2458059.99185 0.0 0.0 1.0
0.412031861387 9334971.39291 3249333.10251 0.867857142857 0.0 2458059.99392 0.0 0.0 0.0
0.413730127668 9359247.27829 3257082.52185 0.867857142857 0.0 2458059.99599 0.0 0.0 1.0
0.447374666124 9319866.96951 3243211.27574 0.867857142857 0.0 2458060.03703 0.0 1.0 0.0
0.449073124797 9348775.03677 3253223.48477 0.867857142857 0.0 2458060.0391 0.0 1.0 1.0
0.450771430397 9341147.15926 3251110.14466 0.867857142857 0.0 2458060.04118 0.0 1.0 0.0
0.452469885252 9360329.04005 3257286.64798 0.867857142857 0.0 2458060.04325 0.0 1.0 1.0
0.454168184745 9347704.82848 3253675.40341 0.867857142857 0.0 2458060.04532 0.0 1.0 0.0
0.455866636546 9360330.61711 3257372.21567 0.867857142857 0.0 2458060.04739 0.0 1.0 1.0
0.457564931457 9349449.16067 3254075.25689 0.867857142857 0.0 2458060.04946 0.0 1.0 0.0
0.459263369135 9363432.48123 3258334.9488 0.867857142857 0.0 2458060.05153 0.0 1.0 1.0
0.460961650304 9349966.38505 3254380.06701 0.867857142857 0.0 2458060.05361 0.0 1.0 0.0
0.462660078057 9368294.99483 3259931.0753 0.867857142857 0.0 2458060.05568 0.0 1.0 1.0
0.464358353118 9347672.40784 3253488.74739 0.867857142857 0.0 2458060.05775 0.0 1.0 0.0
0.466056775909 9364511.73553 3258698.9769 0.867857142857 0.0 2458060.05982 0.0 1.0 1.0
0.467755039136 9345915.32516 3253055.02307 0.867857142857 0.0 2458060.06189 0.0 1.0 0.0
-0.498344183106 9327282.07963 3245699.22183 0.867857142857 0.0 2458060.10325 0.0 2.0 0.0
-0.49664587598 9350746.09924 3253875.41687 0.867857142857 0.0 2458060.10532 0.0 2.0 1.0
-0.494947414635 9338568.12334 3250453.85839 0.867857142857 0.0 2458060.10739 0.0 2.0 0.0
-0.49324910789 9358991.87152 3256627.03738 0.867857142857 0.0 2458060.10946 0.0 2.0 1.0
-0.491550656852 9337963.21072 3249910.90785 0.867857142857 0.0 2458060.11154 0.0 2.0 0.0
-0.489852361177 9351433.75963 3254134.88594 0.867857142857 0.0 2458060.11361 0.0 2.0 1.0
-0.488153918537 9332891.33652 3248514.50051 0.867857142857 0.0 2458060.11568 0.0 2.0 0.0
-0.486455628588 9349942.85925 3253553.98854 0.867857142857 0.0 2458060.11775 0.0 2.0 1.0
-0.484757192055 9330600.5773 3247665.4705 0.867857142857 0.0 2458060.11982 0.0 2.0 0.0
-0.483058915849 9347189.27352 3252738.45301 0.867857142857 0.0 2458060.12189 0.0 2.0 1.0
-0.481360493059 9331376.93202 3247841.83356 0.867857142857 0.0 2458060.12397 0.0 2.0 0.0
-0.479662226778 9351858.55189 3254364.87131 0.867857142857 0.0 2458060.12604 0.0 2.0 1.0
-0.477963812004 9337752.79021 3250005.17653 0.867857142857 0.0 2458060.12811 0.0 2.0 0.0
-0.44406318083 9325493.43521 3244854.76362 0.867857142857 0.0 2458060.16946 0.0 3.0 0.0
-0.442364722539 9349876.60689 3253239.82726 0.867857142857 0.0 2458060.17154 0.0 3.0 1.0
-0.440666417321 9337995.59519 3250138.30111 0.867857142857 0.0 2458060.17361 0.0 3.0 0.0
-0.438967963229 9358201.20499 3256270.62649 0.867857142857 0.0 2458060.17568 0.0 3.0 1.0
-0.43726965992 9343042.37914 3251867.94952 0.867857142857 0.0 2458060.17775 0.0 3.0 0.0
-0.435571208881 9359771.10748 3256855.25203 0.867857142857 0.0 2458060.17982 0.0 3.0 1.0
-0.433872918169 9344562.59437 3252356.81156 0.867857142857 0.0 2458060.18189 0.0 3.0 0.0
-0.432174480491 9360392.496 3257029.81849 0.867857142857 0.0 2458060.18397 0.0 3.0 1.0
-0.430476200086 9342294.9785 3251601.77978 0.867857142857 0.0 2458060.18604 0.0 3.0 0.0
-0.428777772715 9363539.24664 3258036.24328 0.867857142857 0.0 2458060.18811 0.0 3.0 1.0
-0.427079497272 9345526.6788 3252934.54553 0.867857142857 0.0 2458060.19018 0.0 3.0 0.0
-0.425381075245 9367691.43631 3259723.18823 0.867857142857 0.0 2458060.19225 0.0 3.0 1.0
-0.423682812017 9350204.36328 3254266.58232 0.867857142857 0.0 2458060.19433 0.0 3.0 0.0
-0.389782041131 9331454.96637 3246825.78709 0.867857142857 0.0 2458060.23568 0.0 4.0 0.0
-0.388083730569 9361244.64444 3257092.15809 0.867857142857 0.0 2458060.23775 0.0 4.0 1.0
-0.386385269987 9348818.37145 3253711.38039 0.867857142857 0.0 2458060.23982 0.0 4.0 0.0
-0.384686967824 9369714.86433 3260296.89243 0.867857142857 0.0 2458060.2419 0.0 4.0 1.0
-0.382988517167 9352476.5216 3255072.59078 0.867857142857 0.0 2458060.24397 0.0 4.0 0.0
-0.381290222256 9372271.76514 3261143.96597 0.867857142857 0.0 2458060.24604 0.0 4.0 1.0
-0.379591779997 9354529.89091 3255660.07881 0.867857142857 0.0 2458060.24811 0.0 4.0 0.0
-0.377893490048 9373494.2989 3261763.58774 0.867857142857 0.0 2458060.25018 0.0 4.0 1.0
-0.376195053897 9355062.81272 3256288.2103 0.867857142857 0.0 2458060.25225 0.0 4.0 0.0
-0.374496778073 9375062.58217 3262050.31171 0.867857142857 0.0 2458060.25433 0.0 4.0 1.0
-0.372798355664 9354623.68588 3255861.78336 0.867857142857 0.0 2458060.2564 0.0 4.0 0.0
-0.371100088619 9368537.72422 3259957.14368 0.867857142857 0.0 2458060.25847 0.0 4.0 1.0
-0.369401674227 9351663.33679 3254750.63127 0.867857142857 0.0 2458060.26054 0.0 4.0 0.0
