#time 		photoelectrons 	error 		visit 	orbit 	scan 	wave_center 	wave_start 	wave_end
0.395048218673 14092650.3239 4869106.90792 0.953571428571 0.0 2458059.9732 0.0 0.0 0.0
0.396746528472 14166019.0197 4895018.5933 0.953571428571 0.0 2458059.97527 0.0 0.0 1.0
0.398444982946 14141742.5246 4887666.17834 0.953571428571 0.0 2458059.97734 0.0 0.0 0.0
0.400143282056 14194458.6671 4905298.63609 0.953571428571 0.0 2458059.97942 0.0 0.0 1.0
0.401841728896 14158482.8817 4891892.98638 0.953571428571 0.0 2458059.98149 0.0 0.0 0.0
0.403540023807 14220846.3432 4914522.13836 0.953571428571 0.0 2458059.98356 0.0 0.0 1.0
0.40523846492 14189314.851 4904489.99638 0.953571428571 0.0 2458059.98563 0.0 0.0 0.0
0.406936745325 14237956.5187 4921097.81142 0.953571428571 0.0 2458059.9877 0.0 0.0 1.0
0.408635172696 14209396.3294 4911609.11895 0.953571428571 0.0 2458059.98977 0.0 0.0 0.0
0.410333443177 14256970.5261 4925930.39254 0.953571428571 0.0 2458059.99185 0.0 0.0 1.0
0.412031861387 14215849.2567 4912226.4896 0.953571428571 0.0 2458059.99392 0.0 0.0 0.0
0.413730127668 14258551.4578 4926487.56953 0.953571428571 0.0 2458059.99599 0.0 0.0 1.0
0.447374666124 14190662.1618 4901428.60058 0.953571428571 0.0 2458060.03703 0.0 1.0 0.0
0.449073124797 14242119.6249 4920953.27782 0.953571428571 0.0 2458060.0391 0.0 1.0 1.0
0.450771430397 14218079.037 4912842.72646 0.953571428571 0.0 2458060.04118 0.0 1.0 0.0
0.452469885252 14264836.4386 4929978.14325 0.953571428571 0.0 2458060.04325 0.0 1.0 1.0
0.454168184745 14230232.6935 4918055.81234 0.953571428571 0.0 2458060.04532 0.0 1.0 0.0
0.455866636546 14264798.9921 4929865.24083 0.953571428571 0.0 2458060.04739 0.0 1.0 1.0
0.457564931457 14233651.9299 4920021.81592 0.953571428571 0.0 2458060.04946 0.0 1.0 0.0
0.459263369135 14264486.4724 4928828.28828 0.953571428571 0.0 2458060.05153 0.0 1.0 1.0
0.460961650304 14225533.0051 4915383.99834 0.953571428571 0.0 2458060.05361 0.0 1.0 0.0
0.462660078057 14264177.6518 4928538.16085 0.953571428571 0.0 2458060.05568 0.0 1.0 1.0
0.464358353118 14231296.5701 4918600.16865 0.953571428571 0.0 2458060.05775 0.0 1.0 0.0
0.466056775909 14262783.1469 4929173.21711 0.953571428571 0.0 2458060.05982 0.0 1.0 1.0
0.467755039136 14224807.0177 4915681.22 0.953571428571 0.0 2458060.06189 0.0 1.0 0.0
-0.498344183106 14193160.3834 4902235.77192 0.953571428571 0.0 2458060.10325 0.0 2.0 0.0
-0.49664587598 14245720.4584 4923285.25622 0.953571428571 0.0 2458060.10532 0.0 2.0 1.0
-0.494947414635 14214168.1138 4912335.46288 0.953571428571 0.0 2458060.10739 0.0 2.0 0.0
-0.49324910789 14247843.2127 4922699.45873 0.953571428571 0.0 2458060.10946 0.0 2.0 1.0
-0.491550656852 14223674.0302 4917788.83535 0.953571428571 0.0 2458060.11154 0.0 2.0 0.0
-0.489852361177 14249988.935 4925661.13394 0.953571428571 0.0 2458060.11361 0.0 2.0 1.0
-0.488153918537 14207921.4713 4910138.58459 0.953571428571 0.0 2458060.11568 0.0 2.0 0.0
-0.486455628588 14233924.2435 4917096.40691 0.953571428571 0.0 2458060.11775 0.0 2.0 1.0
-0.484757192055 14205540.4779 4910024.22168 0.953571428571 0.0 2458060.11982 0.0 2.0 0.0
-0.483058915849 14234694.2851 4919313.71968 0.953571428571 0.0 2458060.12189 0.0 2.0 1.0
-0.481360493059 14193073.6847 4904433.08916 0.953571428571 0.0 2458060.12397 0.0 2.0 0.0
-0.479662226778 14241062.142 4921303.65884 0.953571428571 0.0 2458060.12604 0.0 2.0 1.0
-0.477963812004 14195739.395 4904850.19359 0.953571428571 0.0 2458060.12811 0.0 2.0 0.0
-0.44406318083 14193411.3628 4902660.84115 0.953571428571 0.0 2458060.16946 0.0 3.0 0.0
-0.442364722539 14237569.8528 4917870.71953 0.953571428571 0.0 2458060.17154 0.0 3.0 1.0
-0.440666417321 14221624.3287 4916160.83345 0.953571428571 0.0 2458060.17361 0.0 3.0 0.0
-0.438967963229 14248489.879 4922551.50737 0.953571428571 0.0 2458060.17568 0.0 3.0 1.0
-0.43726965992 14225424.9657 4917642.42619 0.953571428571 0.0 2458060.17775 0.0 3.0 0.0
-0.435571208881 14255833.9571 4925711.59099 0.953571428571 0.0 2458060.17982 0.0 3.0 1.0
-0.433872918169 14212321.8871 4911722.85649 0.953571428571 0.0 2458060.18189 0.0 3.0 0.0
-0.432174480491 14246601.2729 4921695.73683 0.953571428571 0.0 2458060.18397 0.0 3.0 1.0
-0.430476200086 14218723.1909 4915068.85823 0.953571428571 0.0 2458060.18604 0.0 3.0 0.0
-0.428777772715 14249825.5868 4923144.2562 0.953571428571 0.0 2458060.18811 0.0 3.0 1.0
-0.427079497272 14223841.0475 4915898.76397 0.953571428571 0.0 2458060.19018 0.0 3.0 0.0
-0.425381075245 14263488.2947 4930263.87933 0.953571428571 0.0 2458060.19225 0.0 3.0 1.0
-0.423682812017 14226549.0567 4916269.0438 0.953571428571 0.0 2458060.19433 0.0 3.0 0.0
-0.389782041131 14202129.8224 4904659.14422 0.953571428571 0.0 2458060.23568 0.0 4.0 0.0
-0.388083730569 14252697.6094 4923554.74092 0.953571428571 0.0 2458060.23775 0.0 4.0 1.0
-0.386385269987 14233901.4328 4919346.49974 0.953571428571 0.0 2458060.23982 0.0 4.0 0.0
-0.384686967824 14268546.5396 4930708.87943 0.953571428571 0.0 2458060.2419 0.0 4.0 1.0
-0.382988517167 14238656.2253 4921022.57693 0.953571428571 0.0 2458060.24397 0.0 4.0 0.0
-0.381290222256 14276423.4635 4933635.9428 0.953571428571 0.0 2458060.24604 0.0 4.0 1.0
-0.379591779997 14245407.5387 4924159.14813 0.953571428571 0.0 2458060.24811 0.0 4.0 0.0
-0.377893490048 14274441.638 4932233.92906 0.953571428571 0.0 2458060.25018 0.0 4.0 1.0
-0.376195053897 14239459.0176 4919897.96114 0.953571428571 0.0 2458060.25225 0.0 4.0 0.0
-0.374496778073 14273522.4209 4932180.02148 0.953571428571 0.0 2458060.25433 0.0 4.0 1.0
-0.372798355664 14232947.7388 4919321.73291 0.953571428571 0.0 2458060.2564 0.0 4.0 0.0
-0.371100088619 14265197.9026 4929237.80157 0.953571428571 0.0 2458060.25847 0.0 4.0 1.0
-0.369401674227 14234262.2501 4919103.06494 0.953571428571 0.0 2458060.26054 0.0 4.0 0.0
