#time 		photoelectrons 	error 		visit 	orbit 	scan 	wave_center 	wave_start 	wave_end
0.395048218673 10431178.7052 3620280.56213 0.882142857143 0.0 2458059.9732 0.0 0.0 0.0
0.396746528472 10477660.897 3635982.47503 0.882142857143 0.0 2458059.97527 0.0 0.0 1.0
0.398444982946 10465134.4396 3632139.62145 0.882142857143 0.0 2458059.97734 0.0 0.0 0.0
0.400143282056 10500595.184 3643737.27425 0.882142857143 0.0 2458059.97942 0.0 0.0 1.0
0.401841728896 10485809.1902 3639352.66345 0.882142857143 0.0 2458059.98149 0.0 0.0 0.0
0.403540023807 10518867.1811 3649988.57997 0.882142857143 0.0 2458059.98356 0.0 0.0 1.0
0.40523846492 10502130.1853 3644960.57933 0.882142857143 0.0 2458059.98563 0.0 0.0 0.0
0.406936745325 10536349.3093 3656026.7268 0.882142857143 0.0 2458059.9877 0.0 0.0 1.0
0.408635172696 10515783.777 3649483.8405 0.882142857143 0.0 2458059.98977 0.0 0.0 0.0
0.410333443177 10546388.669 3659204.57399 0.882142857143 0.0 2458059.99185 0.0 0.0 1.0
0.412031861387 10523548.5157 3652030.94576 0.882142857143 0.0 2458059.99392 0.0 0.0 0.0
0.413730127668 10549463.9606 3660266.29851 0.882142857143 0.0 2458059.99599 0.0 0.0 1.0
0.447374666124 10508796.2489 3646062.6988 0.882142857143 0.0 2458060.03703 0.0 1.0 0.0
0.449073124797 10543468.4788 3657970.91174 0.882142857143 0.0 2458060.0391 0.0 1.0 1.0
0.450771430397 10524948.5141 3652283.36545 0.882142857143 0.0 2458060.04118 0.0 1.0 0.0
0.452469885252 10556227.9698 3662327.91582 0.882142857143 0.0 2458060.04325 0.0 1.0 1.0
0.454168184745 10533797.8654 3655582.25154 0.882142857143 0.0 2458060.04532 0.0 1.0 0.0
0.455866636546 10555572.8262 3662206.39385 0.882142857143 0.0 2458060.04739 0.0 1.0 1.0
0.457564931457 10535065.9331 3655818.78063 0.882142857143 0.0 2458060.04946 0.0 1.0 0.0
0.459263369135 10557866.5482 3662989.29087 0.882142857143 0.0 2458060.05153 0.0 1.0 1.0
0.460961650304 10537218.2027 3656810.49691 0.882142857143 0.0 2458060.05361 0.0 1.0 0.0
0.462660078057 10558026.1424 3663000.98586 0.882142857143 0.0 2458060.05568 0.0 1.0 1.0
0.464358353118 10535649.7434 3656086.41823 0.882142857143 0.0 2458060.05775 0.0 1.0 0.0
0.466056775909 10557869.2624 3662956.65803 0.882142857143 0.0 2458060.05982 0.0 1.0 1.0
0.467755039136 10533881.5656 3655632.90229 0.882142857143 0.0 2458060.06189 0.0 1.0 0.0
-0.498344183106 10513082.7587 3647344.43163 0.882142857143 0.0 2458060.10325 0.0 2.0 0.0
-0.49664587598 10545828.2551 3658801.03532 0.882142857143 0.0 2458060.10532 0.0 2.0 1.0
-0.494947414635 10525473.8977 3652544.4185 0.882142857143 0.0 2458060.10739 0.0 2.0 0.0
-0.49324910789 10549203.8624 3659908.1903 0.882142857143 0.0 2458060.10946 0.0 2.0 1.0
-0.491550656852 10523735.1428 3651750.90071 0.882142857143 0.0 2458060.11154 0.0 2.0 0.0
-0.489852361177 10545158.6544 3658542.64464 0.882142857143 0.0 2458060.11361 0.0 2.0 1.0
-0.488153918537 10520299.7011 3650914.77615 0.882142857143 0.0 2458060.11568 0.0 2.0 0.0
-0.486455628588 10540469.1254 3656794.63864 0.882142857143 0.0 2458060.11775 0.0 2.0 1.0
-0.484757192055 10514302.5564 3648746.2313 0.882142857143 0.0 2458060.11982 0.0 2.0 0.0
-0.483058915849 10534498.7172 3655013.34276 0.882142857143 0.0 2458060.12189 0.0 2.0 1.0
-0.481360493059 10517434.8583 3649765.09324 0.882142857143 0.0 2458060.12397 0.0 2.0 0.0
-0.479662226778 10542459.1809 3657756.45034 0.882142857143 0.0 2458060.12604 0.0 2.0 1.0
-0.477963812004 10525966.7763 3652762.57373 0.882142857143 0.0 2458060.12811 0.0 2.0 0.0
-0.44406318083 10513882.7643 3647420.27886 0.882142857143 0.0 2458060.16946 0.0 3.0 0.0
-0.442364722539 10546780.4071 3658636.73244 0.882142857143 0.0 2458060.17154 0.0 3.0 1.0
-0.440666417321 10525109.3495 3652332.98164 0.882142857143 0.0 2458060.17361 0.0 3.0 0.0
-0.438967963229 10547675.3634 3659247.45989 0.882142857143 0.0 2458060.17568 0.0 3.0 1.0
-0.43726965992 10530693.9131 3654384.57903 0.882142857143 0.0 2458060.17775 0.0 3.0 0.0
-0.435571208881 10552548.4388 3661091.43534 0.882142857143 0.0 2458060.17982 0.0 3.0 1.0
-0.433872918169 10528466.0716 3653681.88713 0.882142857143 0.0 2458060.18189 0.0 3.0 0.0
-0.432174480491 10557107.9965 3662516.5857 0.882142857143 0.0 2458060.18397 0.0 3.0 1.0
-0.430476200086 10530547.2982 3654297.24587 0.882142857143 0.0 2458060.18604 0.0 3.0 0.0
-0.428777772715 10551362.9849 3660443.72996 0.882142857143 0.0 2458060.18811 0.0 3.0 1.0
-0.427079497272 10533329.6112 3655492.47395 0.882142857143 0.0 2458060.19018 0.0 3.0 0.0
-0.425381075245 10555979.3874 3662305.09895 0.882142857143 0.0 2458060.19225 0.0 3.0 1.0
-0.423682812017 10535814.1136 3656084.79339 0.882142857143 0.0 2458060.19433 0.0 3.0 0.0
-0.389782041131 10518353.9354 3648868.16767 0.882142857143 0.0 2458060.23568 0.0 4.0 0.0
-0.388083730569 10554143.0624 3661258.51941 0.882142857143 0.0 2458060.23775 0.0 4.0 1.0
-0.386385269987 10534898.9249 3655599.50363 0.882142857143 0.0 2458060.23982 0.0 4.0 0.0
-0.384686967824 10558466.4159 3663049.01847 0.882142857143 0.0 2458060.2419 0.0 4.0 1.0
-0.382988517167 10541454.9853 3657937.54393 0.882142857143 0.0 2458060.24397 0.0 4.0 0.0
-0.381290222256 10564755.2178 3665171.81526 0.882142857143 0.0 2458060.24604 0.0 4.0 1.0
-0.379591779997 10543998.3106 3658716.51392 0.882142857143 0.0 2458060.24811 0.0 4.0 0.0
-0.377893490048 10566284.1916 3665847.28663 0.882142857143 0.0 2458060.25018 0.0 4.0 1.0
-0.376195053897 10548713.8495 3660846.79867 0.882142857143 0.0 2458060.25225 0.0 4.0 0.0
-0.374496778073 10568293.0193 3666318.62666 0.882142857143 0.0 2458060.25433 0.0 4.0 1.0
-0.372798355664 10543599.4546 3658747.58529 0.882142857143 0.0 2458060.2564 0.0 4.0 0.0
-0.371100088619 10565448.2382 3665453.97806 0.882142857143 0.0 2458060.25847 0.0 4.0 1.0
-0.369401674227 10539957.2278 3657491.74566 0.882142857143 0.0 2458060.26054 0.0 4.0 0.0
