#time 		photoelectrons 	error 		visit 	orbit 	scan 	wave_center 	wave_start 	wave_end
0.395048218673 14645213.4107 5048259.64523 1.03214285714 0.0 2458059.9732 0.0 0.0 0.0
0.396746528472 14713455.6281 5071230.01082 1.03214285714 0.0 2458059.97527 0.0 0.0 1.0
0.398444982946 14685719.1163 5062786.44881 1.03214285714 0.0 2458059.97734 0.0 0.0 0.0
0.400143282056 14743220.9264 5081570.84231 1.03214285714 0.0 2458059.97942 0.0 0.0 1.0
0.401841728896 14717253.8907 5073797.79554 1.03214285714 0.0 2458059.98149 0.0 0.0 0.0
0.403540023807 14766258.8321 5089714.60075 1.03214285714 0.0 2458059.98356 0.0 0.0 1.0
0.40523846492 14741039.8796 5081924.55347 1.03214285714 0.0 2458059.98563 0.0 0.0 0.0
0.406936745325 14788363.192 5097238.28224 1.03214285714 0.0 2458059.9877 0.0 0.0 1.0
0.408635172696 14758716.3892 5087822.69578 1.03214285714 0.0 2458059.98977 0.0 0.0 0.0
0.410333443177 14801021.1879 5101463.18666 1.03214285714 0.0 2458059.99185 0.0 0.0 1.0
0.412031861387 14771942.0234 5092347.51996 1.03214285714 0.0 2458059.99392 0.0 0.0 0.0
0.413730127668 14811959.6878 5104961.04734 1.03214285714 0.0 2458059.99599 0.0 0.0 1.0
0.447374666124 14749282.3715 5083072.57038 1.03214285714 0.0 2458060.03703 0.0 1.0 0.0
0.449073124797 14790118.2689 5097187.01372 1.03214285714 0.0 2458060.0391 0.0 1.0 1.0
0.450771430397 14770220.7794 5091480.90554 1.03214285714 0.0 2458060.04118 0.0 1.0 0.0
0.452469885252 14809648.3352 5104174.76467 1.03214285714 0.0 2458060.04325 0.0 1.0 1.0
0.454168184745 14778219.7347 5094484.54752 1.03214285714 0.0 2458060.04532 0.0 1.0 0.0
0.455866636546 14813798.8472 5105697.36749 1.03214285714 0.0 2458060.04739 0.0 1.0 1.0
0.457564931457 14780215.016 5095050.46593 1.03214285714 0.0 2458060.04946 0.0 1.0 0.0
0.459263369135 14816477.6832 5106576.00063 1.03214285714 0.0 2458060.05153 0.0 1.0 1.0
0.460961650304 14785810.0364 5097125.97937 1.03214285714 0.0 2458060.05361 0.0 1.0 0.0
0.462660078057 14817055.2377 5106565.75229 1.03214285714 0.0 2458060.05568 0.0 1.0 1.0
0.464358353118 14785397.3103 5096928.90237 1.03214285714 0.0 2458060.05775 0.0 1.0 0.0
0.466056775909 14813268.9109 5105498.29677 1.03214285714 0.0 2458060.05982 0.0 1.0 1.0
0.467755039136 14777914.126 5094435.00836 1.03214285714 0.0 2458060.06189 0.0 1.0 0.0
-0.498344183106 14748566.8352 5082727.88776 1.03214285714 0.0 2458060.10325 0.0 2.0 0.0
-0.49664587598 14796157.3811 5099365.69034 1.03214285714 0.0 2458060.10532 0.0 2.0 1.0
-0.494947414635 14760028.868 5088042.9888 1.03214285714 0.0 2458060.10739 0.0 2.0 0.0
-0.49324910789 14799855.4234 5100711.61835 1.03214285714 0.0 2458060.10946 0.0 2.0 1.0
-0.491550656852 14763148.622 5089103.33559 1.03214285714 0.0 2458060.11154 0.0 2.0 0.0
-0.489852361177 14796606.4742 5099954.53505 1.03214285714 0.0 2458060.11361 0.0 2.0 1.0
-0.488153918537 14755847.1904 5086829.47864 1.03214285714 0.0 2458060.11568 0.0 2.0 0.0
-0.486455628588 14787157.6753 5096419.07537 1.03214285714 0.0 2458060.11775 0.0 2.0 1.0
-0.484757192055 14750542.3935 5084905.5403 1.03214285714 0.0 2458060.11982 0.0 2.0 0.0
-0.483058915849 14785942.3523 5096157.20998 1.03214285714 0.0 2458060.12189 0.0 2.0 1.0
-0.481360493059 14749106.2039 5084466.91768 1.03214285714 0.0 2458060.12397 0.0 2.0 0.0
-0.479662226778 14785545.5387 5096095.58468 1.03214285714 0.0 2458060.12604 0.0 2.0 1.0
-0.477963812004 14758848.1911 5087874.52844 1.03214285714 0.0 2458060.12811 0.0 2.0 0.0
-0.44406318083 14746948.3262 5081916.41866 1.03214285714 0.0 2458060.16946 0.0 3.0 0.0
-0.442364722539 14797846.7439 5099574.99479 1.03214285714 0.0 2458060.17154 0.0 3.0 1.0
-0.440666417321 14771141.877 5091802.2258 1.03214285714 0.0 2458060.17361 0.0 3.0 0.0
-0.438967963229 14803493.4181 5101746.39686 1.03214285714 0.0 2458060.17568 0.0 3.0 1.0
-0.43726965992 14772303.7041 5092293.43237 1.03214285714 0.0 2458060.17775 0.0 3.0 0.0
-0.435571208881 14804446.1693 5102480.40152 1.03214285714 0.0 2458060.17982 0.0 3.0 1.0
-0.433872918169 14774907.1157 5093395.4348 1.03214285714 0.0 2458060.18189 0.0 3.0 0.0
-0.432174480491 14803937.3802 5102179.17356 1.03214285714 0.0 2458060.18397 0.0 3.0 1.0
-0.430476200086 14776847.3839 5093987.0613 1.03214285714 0.0 2458060.18604 0.0 3.0 0.0
-0.428777772715 14808082.1425 5103628.00331 1.03214285714 0.0 2458060.18811 0.0 3.0 1.0
-0.427079497272 14781326.5491 5095742.10162 1.03214285714 0.0 2458060.19018 0.0 3.0 0.0
-0.425381075245 14813041.6319 5105520.54402 1.03214285714 0.0 2458060.19225 0.0 3.0 1.0
-0.423682812017 14779484.3901 5094838.92514 1.03214285714 0.0 2458060.19433 0.0 3.0 0.0
-0.389782041131 14759324.7552 5085974.51854 1.03214285714 0.0 2458060.23568 0.0 4.0 0.0
-0.388083730569 14803941.8464 5101616.98516 1.03214285714 0.0 2458060.23775 0.0 4.0 1.0
-0.386385269987 14779460.0262 5094510.77075 1.03214285714 0.0 2458060.23982 0.0 4.0 0.0
-0.384686967824 14822703.8958 5108514.94444 1.03214285714 0.0 2458060.2419 0.0 4.0 1.0
-0.382988517167 14791816.4262 5098882.45583 1.03214285714 0.0 2458060.24397 0.0 4.0 0.0
-0.381290222256 14825599.3625 5109607.70028 1.03214285714 0.0 2458060.24604 0.0 4.0 1.0
-0.379591779997 14787908.9179 5097523.02789 1.03214285714 0.0 2458060.24811 0.0 4.0 0.0
-0.377893490048 14823433.9361 5108913.23849 1.03214285714 0.0 2458060.25018 0.0 4.0 1.0
-0.376195053897 14793803.3595 5099992.79888 1.03214285714 0.0 2458060.25225 0.0 4.0 0.0
-0.374496778073 14826394.7602 5109961.45274 1.03214285714 0.0 2458060.25433 0.0 4.0 1.0
-0.372798355664 14790370.7374 5098593.13087 1.03214285714 0.0 2458060.2564 0.0 4.0 0.0
-0.371100088619 14825533.235 5109477.71248 1.03214285714 0.0 2458060.25847 0.0 4.0 1.0
-0.369401674227 14784725.3951 5096520.0469 1.03214285714 0.0 2458060.26054 0.0 4.0 0.0
