#time 		photoelectrons 	error 		visit 	orbit 	scan 	wave_center 	wave_start 	wave_end
0.395048218673 8803497.96989 3067969.98574 0.853571428571 0.0 2458059.9732 0.0 0.0 0.0
0.396746528472 8846196.15918 3082584.57386 0.853571428571 0.0 2458059.97527 0.0 0.0 1.0
0.398444982946 8830357.58922 3077433.15901 0.853571428571 0.0 2458059.97734 0.0 0.0 0.0
0.400143282056 8861254.09731 3087646.04125 0.853571428571 0.0 2458059.97942 0.0 0.0 1.0
0.401841728896 8843983.26346 3082133.38779 0.853571428571 0.0 2458059.98149 0.0 0.0 0.0
0.403540023807 8877968.67207 3093236.00113 0.853571428571 0.0 2458059.98356 0.0 0.0 1.0
0.40523846492 8865215.78111 3089385.72071 0.853571428571 0.0 2458059.98563 0.0 0.0 0.0
0.406936745325 8890878.34714 3097859.47344 0.853571428571 0.0 2458059.9877 0.0 0.0 1.0
0.408635172696 8875284.65761 3092697.09027 0.853571428571 0.0 2458059.98977 0.0 0.0 0.0
0.410333443177 8901876.93441 3101232.57867 0.853571428571 0.0 2458059.99185 0.0 0.0 1.0
0.412031861387 8882717.89748 3095216.86501 0.853571428571 0.0 2458059.99392 0.0 0.0 0.0
0.413730127668 8902260.37444 3101415.33998 0.853571428571 0.0 2458059.99599 0.0 0.0 1.0
0.447374666124 8868133.29194 3089367.12479 0.853571428571 0.0 2458060.03703 0.0 1.0 0.0
0.449073124797 8895325.02543 3098838.66418 0.853571428571 0.0 2458060.0391 0.0 1.0 1.0
0.450771430397 8884176.00552 3095450.1964 0.853571428571 0.0 2458060.04118 0.0 1.0 0.0
0.452469885252 8904900.02407 3102204.74868 0.853571428571 0.0 2458060.04325 0.0 1.0 1.0
0.454168184745 8888721.87081 3097207.67823 0.853571428571 0.0 2458060.04532 0.0 1.0 0.0
0.455866636546 8909593.31722 3103849.85507 0.853571428571 0.0 2458060.04739 0.0 1.0 1.0
0.457564931457 8890921.43025 3097891.59673 0.853571428571 0.0 2458060.04946 0.0 1.0 0.0
0.459263369135 8912276.41757 3104599.04352 0.853571428571 0.0 2458060.05153 0.0 1.0 1.0
0.460961650304 8893434.00266 3098854.34056 0.853571428571 0.0 2458060.05361 0.0 1.0 0.0
0.462660078057 8912218.3389 3104612.5165 0.853571428571 0.0 2458060.05568 0.0 1.0 1.0
0.464358353118 8889278.73772 3097227.53404 0.853571428571 0.0 2458060.05775 0.0 1.0 0.0
0.466056775909 8913027.80646 3104945.08524 0.853571428571 0.0 2458060.05982 0.0 1.0 1.0
0.467755039136 8891048.10613 3097936.65852 0.853571428571 0.0 2458060.06189 0.0 1.0 0.0
-0.498344183106 8872543.83087 3090836.32401 0.853571428571 0.0 2458060.10325 0.0 2.0 0.0
-0.49664587598 8902131.34312 3101192.3322 0.853571428571 0.0 2458060.10532 0.0 2.0 1.0
-0.494947414635 8886969.99523 3096503.21594 0.853571428571 0.0 2458060.10739 0.0 2.0 0.0
-0.49324910789 8901892.20625 3100951.27686 0.853571428571 0.0 2458060.10946 0.0 2.0 1.0
-0.491550656852 8883659.31197 3095034.15541 0.853571428571 0.0 2458060.11154 0.0 2.0 0.0
-0.489852361177 8900691.80229 3100751.77141 0.853571428571 0.0 2458060.11361 0.0 2.0 1.0
-0.488153918537 8881495.28813 3094782.80038 0.853571428571 0.0 2458060.11568 0.0 2.0 0.0
-0.486455628588 8893325.0364 3098109.31732 0.853571428571 0.0 2458060.11775 0.0 2.0 1.0
-0.484757192055 8875496.89021 3092616.8038 0.853571428571 0.0 2458060.11982 0.0 2.0 0.0
-0.483058915849 8893294.95046 3098126.14764 0.853571428571 0.0 2458060.12189 0.0 2.0 1.0
-0.481360493059 8878970.28216 3093745.43902 0.853571428571 0.0 2458060.12397 0.0 2.0 0.0
-0.479662226778 8895053.10591 3098823.9968 0.853571428571 0.0 2458060.12604 0.0 2.0 1.0
-0.477963812004 8883386.47841 3095284.08823 0.853571428571 0.0 2458060.12811 0.0 2.0 0.0
-0.44406318083 8874321.72799 3091059.64909 0.853571428571 0.0 2458060.16946 0.0 3.0 0.0
-0.442364722539 8900868.32891 3100548.39727 0.853571428571 0.0 2458060.17154 0.0 3.0 1.0
-0.440666417321 8884361.115 3095490.82278 0.853571428571 0.0 2458060.17361 0.0 3.0 0.0
-0.438967963229 8904216.15352 3101671.91161 0.853571428571 0.0 2458060.17568 0.0 3.0 1.0
-0.43726965992 8886275.08253 3096142.21038 0.853571428571 0.0 2458060.17775 0.0 3.0 0.0
-0.435571208881 8906204.78817 3102436.79837 0.853571428571 0.0 2458060.17982 0.0 3.0 1.0
-0.433872918169 8888712.8518 3097016.54447 0.853571428571 0.0 2458060.18189 0.0 3.0 0.0
-0.432174480491 8905360.12644 3102100.13513 0.853571428571 0.0 2458060.18397 0.0 3.0 1.0
-0.430476200086 8890173.37501 3097592.62392 0.853571428571 0.0 2458060.18604 0.0 3.0 0.0
-0.428777772715 8905769.91719 3102167.97845 0.853571428571 0.0 2458060.18811 0.0 3.0 1.0
-0.427079497272 8892364.07173 3098373.6764 0.853571428571 0.0 2458060.19018 0.0 3.0 0.0
-0.425381075245 8908537.75599 3103359.47291 0.853571428571 0.0 2458060.19225 0.0 3.0 1.0
-0.423682812017 8891103.14208 3097934.06243 0.853571428571 0.0 2458060.19433 0.0 3.0 0.0
-0.389782041131 8883577.37588 3094283.70763 0.853571428571 0.0 2458060.23568 0.0 4.0 0.0
-0.388083730569 8908051.32145 3102815.07601 0.853571428571 0.0 2458060.23775 0.0 4.0 1.0
-0.386385269987 8896627.6687 3099531.90387 0.853571428571 0.0 2458060.23982 0.0 4.0 0.0
-0.384686967824 8915231.68461 3105440.95238 0.853571428571 0.0 2458060.2419 0.0 4.0 1.0
-0.382988517167 8899028.69988 3100462.17108 0.853571428571 0.0 2458060.24397 0.0 4.0 0.0
-0.381290222256 8919857.60429 3107139.33487 0.853571428571 0.0 2458060.24604 0.0 4.0 1.0
-0.379591779997 8900290.88386 3100784.2729 0.853571428571 0.0 2458060.24811 0.0 4.0 0.0
-0.377893490048 8918741.39049 3106805.88269 0.853571428571 0.0 2458060.25018 0.0 4.0 1.0
-0.376195053897 8901900.19334 3101749.72567 0.853571428571 0.0 2458060.25225 0.0 4.0 0.0
-0.374496778073 8919066.32475 3106758.88514 0.853571428571 0.0 2458060.25433 0.0 4.0 1.0
-0.372798355664 8900795.67256 3101042.96229 0.853571428571 0.0 2458060.2564 0.0 4.0 0.0
-0.371100088619 8918596.72129 3106619.00432 0.853571428571 0.0 2458060.25847 0.0 4.0 1.0
-0.369401674227 8898079.28051 3100182.90812 0.853571428571 0.0 2458060.26054 0.0 4.0 0.0
