#time 		photoelectrons 	error 		visit 	orbit 	scan 	wave_center 	wave_start 	wave_end
0.395048218673 11440899.0054 3962489.49547 0.896428571429 0.0 2458059.9732 0.0 0.0 0.0
0.396746528472 11493781.188 3980431.98503 0.896428571429 0.0 2458059.97527 0.0 0.0 1.0
0.398444982946 11477978.1793 3975521.38828 0.896428571429 0.0 2458059.97734 0.0 0.0 0.0
0.400143282056 11519122.6773 3989042.51721 0.896428571429 0.0 2458059.97942 0.0 0.0 1.0
0.401841728896 11499940.4042 3983236.28526 0.896428571429 0.0 2458059.98149 0.0 0.0 0.0
0.403540023807 11538045.027 3995629.34496 0.896428571429 0.0 2458059.98356 0.0 0.0 1.0
0.40523846492 11517168.3927 3989047.15771 0.896428571429 0.0 2458059.98563 0.0 0.0 0.0
0.406936745325 11558389.1377 4002512.15588 0.896428571429 0.0 2458059.9877 0.0 0.0 1.0
0.408635172696 11531840.0474 3993920.06287 0.896428571429 0.0 2458059.98977 0.0 0.0 0.0
0.410333443177 11568636.7503 4005772.56685 0.896428571429 0.0 2458059.99185 0.0 0.0 1.0
0.412031861387 11542335.8364 3997501.45457 0.896428571429 0.0 2458059.99392 0.0 0.0 0.0
0.413730127668 11570630.8889 4006362.28812 0.896428571429 0.0 2458059.99599 0.0 0.0 1.0
0.447374666124 11524429.3542 3990231.22082 0.896428571429 0.0 2458060.03703 0.0 1.0 0.0
0.449073124797 11566041.4663 4004477.31608 0.896428571429 0.0 2458060.0391 0.0 1.0 1.0
0.450771430397 11541638.8124 3997115.11646 0.896428571429 0.0 2458060.04118 0.0 1.0 0.0
0.452469885252 11576975.8527 4008356.1616 0.896428571429 0.0 2458060.04325 0.0 1.0 1.0
0.454168184745 11550309.01 4000299.50901 0.896428571429 0.0 2458060.04532 0.0 1.0 0.0
0.455866636546 11580416.3227 4009642.43989 0.896428571429 0.0 2458060.04739 0.0 1.0 1.0
0.457564931457 11553997.8043 4001389.12154 0.896428571429 0.0 2458060.04946 0.0 1.0 0.0
0.459263369135 11580433.0036 4009704.94427 0.896428571429 0.0 2458060.05153 0.0 1.0 1.0
0.460961650304 11555658.539 4002198.09276 0.896428571429 0.0 2458060.05361 0.0 1.0 0.0
0.462660078057 11579772.7341 4009365.47458 0.896428571429 0.0 2458060.05568 0.0 1.0 1.0
0.464358353118 11549483.3564 3999824.70314 0.896428571429 0.0 2458060.05775 0.0 1.0 0.0
0.466056775909 11576655.195 4008350.53926 0.896428571429 0.0 2458060.05982 0.0 1.0 1.0
0.467755039136 11549926.2558 4000133.72984 0.896428571429 0.0 2458060.06189 0.0 1.0 0.0
-0.498344183106 11524807.013 3990256.1617 0.896428571429 0.0 2458060.10325 0.0 2.0 0.0
-0.49664587598 11565495.0883 4004297.05387 0.896428571429 0.0 2458060.10532 0.0 2.0 1.0
-0.494947414635 11542442.0527 3997354.98631 0.896428571429 0.0 2458060.10739 0.0 2.0 0.0
-0.49324910789 11570463.6722 4005989.70173 0.896428571429 0.0 2458060.10946 0.0 2.0 1.0
-0.491550656852 11539429.6276 3996114.5447 0.896428571429 0.0 2458060.11154 0.0 2.0 0.0
-0.489852361177 11565026.7483 4004344.03521 0.896428571429 0.0 2458060.11361 0.0 2.0 1.0
-0.488153918537 11535152.0117 3995033.34754 0.896428571429 0.0 2458060.11568 0.0 2.0 0.0
-0.486455628588 11559783.074 4002453.8029 0.896428571429 0.0 2458060.11775 0.0 2.0 1.0
-0.484757192055 11526479.7425 3991957.96606 0.896428571429 0.0 2458060.11982 0.0 2.0 0.0
-0.483058915849 11559161.826 4002348.57961 0.896428571429 0.0 2458060.12189 0.0 2.0 1.0
-0.481360493059 11531274.6894 3993536.15138 0.896428571429 0.0 2458060.12397 0.0 2.0 0.0
-0.479662226778 11556976.0407 4001686.96667 0.896428571429 0.0 2458060.12604 0.0 2.0 1.0
-0.477963812004 11539712.4905 3996491.5451 0.896428571429 0.0 2458060.12811 0.0 2.0 0.0
-0.44406318083 11528127.3396 3991198.72871 0.896428571429 0.0 2458060.16946 0.0 3.0 0.0
-0.442364722539 11563891.0408 4003416.6223 0.896428571429 0.0 2458060.17154 0.0 3.0 1.0
-0.440666417321 11544165.3621 3997920.59369 0.896428571429 0.0 2458060.17361 0.0 3.0 0.0
-0.438967963229 11572431.5029 4006695.018 0.896428571429 0.0 2458060.17568 0.0 3.0 1.0
-0.43726965992 11544149.2539 3997956.13087 0.896428571429 0.0 2458060.17775 0.0 3.0 0.0
-0.435571208881 11571595.6959 4006560.66327 0.896428571429 0.0 2458060.17982 0.0 3.0 1.0
-0.433872918169 11543536.9474 3997792.81933 0.896428571429 0.0 2458060.18189 0.0 3.0 0.0
-0.432174480491 11574030.8795 4007382.51807 0.896428571429 0.0 2458060.18397 0.0 3.0 1.0
-0.430476200086 11544505.2707 3998144.30098 0.896428571429 0.0 2458060.18604 0.0 3.0 0.0
-0.428777772715 11571212.1913 4006114.55644 0.896428571429 0.0 2458060.18811 0.0 3.0 1.0
-0.427079497272 11551589.2002 4000798.41756 0.896428571429 0.0 2458060.19018 0.0 3.0 0.0
-0.425381075245 11575847.2779 4007852.65869 0.896428571429 0.0 2458060.19225 0.0 3.0 1.0
-0.423682812017 11553324.9386 4001218.59263 0.896428571429 0.0 2458060.19433 0.0 3.0 0.0
-0.389782041131 11536423.277 3993823.36004 0.896428571429 0.0 2458060.23568 0.0 4.0 0.0
-0.388083730569 11574345.2539 4007116.40329 0.896428571429 0.0 2458060.23775 0.0 4.0 1.0
-0.386385269987 11553815.8891 4001122.30955 0.896428571429 0.0 2458060.23982 0.0 4.0 0.0
-0.384686967824 11581444.6053 4009711.81705 0.896428571429 0.0 2458060.2419 0.0 4.0 1.0
-0.382988517167 11561670.8434 4003840.03213 0.896428571429 0.0 2458060.24397 0.0 4.0 0.0
-0.381290222256 11587104.2262 4011857.92585 0.896428571429 0.0 2458060.24604 0.0 4.0 1.0
-0.379591779997 11564121.2144 4004658.9124 0.896428571429 0.0 2458060.24811 0.0 4.0 0.0
-0.377893490048 11587208.8907 4011920.43134 0.896428571429 0.0 2458060.25018 0.0 4.0 1.0
-0.376195053897 11563743.3638 4004970.43553 0.896428571429 0.0 2458060.25225 0.0 4.0 0.0
-0.374496778073 11589809.8498 4012734.13178 0.896428571429 0.0 2458060.25433 0.0 4.0 1.0
-0.372798355664 11563630.0208 4004564.1965 0.896428571429 0.0 2458060.2564 0.0 4.0 0.0
-0.371100088619 11585089.7201 4011150.15063 0.896428571429 0.0 2458060.25847 0.0 4.0 1.0
-0.369401674227 11559149.798 4003069.83827 0.896428571429 0.0 2458060.26054 0.0 4.0 0.0
