#time 		photoelectrons 	error 		visit 	orbit 	scan 	wave_center 	wave_start 	wave_end
0.395048218673 13954630.2566 4814555.0389 1.08928571429 0.0 2458059.9732 0.0 0.0 0.0
0.396746528472 14020837.5669 4836845.07838 1.08928571429 0.0 2458059.97527 0.0 0.0 1.0
0.398444982946 13996779.859 4829421.51299 1.08928571429 0.0 2458059.97734 0.0 0.0 0.0
0.400143282056 14040192.2148 4843562.05517 1.08928571429 0.0 2458059.97942 0.0 0.0 1.0
0.401841728896 14025154.5408 4839534.33391 1.08928571429 0.0 2458059.98149 0.0 0.0 0.0
0.403540023807 14073775.7643 4855016.94009 1.08928571429 0.0 2458059.98356 0.0 0.0 1.0
0.40523846492 14044744.7286 4846030.11776 1.08928571429 0.0 2458059.98563 0.0 0.0 0.0
0.406936745325 14092441.6987 4861549.35409 1.08928571429 0.0 2458059.9877 0.0 0.0 1.0
0.408635172696 14069419.5299 4854443.28822 1.08928571429 0.0 2458059.98977 0.0 0.0 0.0
0.410333443177 14108573.0724 4866995.08232 1.08928571429 0.0 2458059.99185 0.0 0.0 1.0
0.412031861387 14081419.2952 4858459.37236 1.08928571429 0.0 2458059.99392 0.0 0.0 0.0
0.413730127668 14116667.2327 4869516.97112 1.08928571429 0.0 2458059.99599 0.0 0.0 1.0
0.447374666124 14053436.6701 4847536.24713 1.08928571429 0.0 2458060.03703 0.0 1.0 0.0
0.449073124797 14094680.041 4861796.53597 1.08928571429 0.0 2458060.0391 0.0 1.0 1.0
0.450771430397 14067372.8152 4853553.72837 1.08928571429 0.0 2458060.04118 0.0 1.0 0.0
0.452469885252 14113518.4545 4868437.70175 1.08928571429 0.0 2458060.04325 0.0 1.0 1.0
0.454168184745 14077239.1521 4857160.29299 1.08928571429 0.0 2458060.04532 0.0 1.0 0.0
0.455866636546 14113587.398 4868686.22855 1.08928571429 0.0 2458060.04739 0.0 1.0 1.0
0.457564931457 14087944.0075 4860729.71242 1.08928571429 0.0 2458060.04946 0.0 1.0 0.0
0.459263369135 14115151.5071 4869074.87115 1.08928571429 0.0 2458060.05153 0.0 1.0 1.0
0.460961650304 14080938.1174 4858347.6261 1.08928571429 0.0 2458060.05361 0.0 1.0 0.0
0.462660078057 14117244.8143 4869697.31333 1.08928571429 0.0 2458060.05568 0.0 1.0 1.0
0.464358353118 14077840.7552 4857314.41885 1.08928571429 0.0 2458060.05775 0.0 1.0 0.0
0.466056775909 14108609.7305 4866846.21024 1.08928571429 0.0 2458060.05982 0.0 1.0 1.0
0.467755039136 14076721.1763 4857042.93191 1.08928571429 0.0 2458060.06189 0.0 1.0 0.0
-0.498344183106 14053961.5963 4847820.67284 1.08928571429 0.0 2458060.10325 0.0 2.0 0.0
-0.49664587598 14096849.0668 4862674.45045 1.08928571429 0.0 2458060.10532 0.0 2.0 1.0
-0.494947414635 14064779.8496 4852732.68506 1.08928571429 0.0 2458060.10739 0.0 2.0 0.0
-0.49324910789 14094450.7704 4861798.69724 1.08928571429 0.0 2458060.10946 0.0 2.0 1.0
-0.491550656852 14066013.6721 4852956.93303 1.08928571429 0.0 2458060.11154 0.0 2.0 0.0
-0.489852361177 14098837.4273 4863587.28873 1.08928571429 0.0 2458060.11361 0.0 2.0 1.0
-0.488153918537 14059387.8459 4850924.13916 1.08928571429 0.0 2458060.11568 0.0 2.0 0.0
-0.486455628588 14084900.0085 4858594.92025 1.08928571429 0.0 2458060.11775 0.0 2.0 1.0
-0.484757192055 14054800.0409 4849348.24535 1.08928571429 0.0 2458060.11982 0.0 2.0 0.0
-0.483058915849 14084955.7788 4858708.31154 1.08928571429 0.0 2458060.12189 0.0 2.0 1.0
-0.481360493059 14054397.5951 4849156.57551 1.08928571429 0.0 2458060.12397 0.0 2.0 0.0
-0.479662226778 14089657.6624 4860383.24441 1.08928571429 0.0 2458060.12604 0.0 2.0 1.0
-0.477963812004 14065583.4449 4852920.9537 1.08928571429 0.0 2458060.12811 0.0 2.0 0.0
-0.44406318083 14060483.8511 4849816.57886 1.08928571429 0.0 2458060.16946 0.0 3.0 0.0
-0.442364722539 14094150.6917 4861275.07671 1.08928571429 0.0 2458060.17154 0.0 3.0 1.0
-0.440666417321 14076861.3117 4856587.40841 1.08928571429 0.0 2458060.17361 0.0 3.0 0.0
-0.438967963229 14106351.6165 4865771.68417 1.08928571429 0.0 2458060.17568 0.0 3.0 1.0
-0.43726965992 14070311.0144 4854574.28739 1.08928571429 0.0 2458060.17775 0.0 3.0 0.0
-0.435571208881 14106834.466 4866248.83419 1.08928571429 0.0 2458060.17982 0.0 3.0 1.0
-0.433872918169 14075299.6208 4856399.88339 1.08928571429 0.0 2458060.18189 0.0 3.0 0.0
-0.432174480491 14106573.4581 4866123.2107 1.08928571429 0.0 2458060.18397 0.0 3.0 1.0
-0.430476200086 14067863.3469 4853749.87541 1.08928571429 0.0 2458060.18604 0.0 3.0 0.0
-0.428777772715 14110607.7615 4867203.67404 1.08928571429 0.0 2458060.18811 0.0 3.0 1.0
-0.427079497272 14082300.1161 4859027.04596 1.08928571429 0.0 2458060.19018 0.0 3.0 0.0
-0.425381075245 14114653.778 4868963.46193 1.08928571429 0.0 2458060.19225 0.0 3.0 1.0
-0.423682812017 14077517.3151 4857215.97001 1.08928571429 0.0 2458060.19433 0.0 3.0 0.0
-0.389782041131 14060391.3668 4849608.95722 1.08928571429 0.0 2458060.23568 0.0 4.0 0.0
-0.388083730569 14106991.4 4865795.35881 1.08928571429 0.0 2458060.23775 0.0 4.0 1.0
-0.386385269987 14080644.1706 4857966.28262 1.08928571429 0.0 2458060.23982 0.0 4.0 0.0
-0.384686967824 14120921.1051 4870882.10206 1.08928571429 0.0 2458060.2419 0.0 4.0 1.0
-0.382988517167 14084184.7747 4859268.79842 1.08928571429 0.0 2458060.24397 0.0 4.0 0.0
-0.381290222256 14118871.1985 4870397.2118 1.08928571429 0.0 2458060.24604 0.0 4.0 1.0
-0.379591779997 14084387.3954 4859257.2516 1.08928571429 0.0 2458060.24811 0.0 4.0 0.0
-0.377893490048 14126562.8228 4872875.18951 1.08928571429 0.0 2458060.25018 0.0 4.0 1.0
-0.376195053897 14098019.6559 4864223.19024 1.08928571429 0.0 2458060.25225 0.0 4.0 0.0
-0.374496778073 14117231.5155 4869708.63974 1.08928571429 0.0 2458060.25433 0.0 4.0 1.0
-0.372798355664 14089538.199 4861178.067 1.08928571429 0.0 2458060.2564 0.0 4.0 0.0
-0.371100088619 14118939.7642 4870260.74358 1.08928571429 0.0 2458060.25847 0.0 4.0 1.0
-0.369401674227 14084675.1802 4859504.41827 1.08928571429 0.0 2458060.26054 0.0 4.0 0.0
