#time 		photoelectrons 	error 		visit 	orbit 	scan 	wave_center 	wave_start 	wave_end
0.395048218673 14791037.8452 5097256.91754 0.982142857143 0.0 2458059.9732 0.0 0.0 0.0
0.396746528472 14856565.5431 5119453.30675 0.982142857143 0.0 2458059.97527 0.0 0.0 1.0
0.398444982946 14834494.6358 5112976.23156 0.982142857143 0.0 2458059.97734 0.0 0.0 0.0
0.400143282056 14886957.9008 5129992.87548 0.982142857143 0.0 2458059.97942 0.0 0.0 1.0
0.401841728896 14860631.0958 5122045.67299 0.982142857143 0.0 2458059.98149 0.0 0.0 0.0
0.403540023807 14911875.5257 5138607.07667 0.982142857143 0.0 2458059.98356 0.0 0.0 1.0
0.40523846492 14889410.5273 5132038.61369 0.982142857143 0.0 2458059.98563 0.0 0.0 0.0
0.406936745325 14933349.0661 5145984.79019 0.982142857143 0.0 2458059.9877 0.0 0.0 1.0
0.408635172696 14907356.5843 5137924.57399 0.982142857143 0.0 2458059.98977 0.0 0.0 0.0
0.410333443177 14948972.0698 5151172.17448 0.982142857143 0.0 2458059.99185 0.0 0.0 1.0
0.412031861387 14917046.0893 5141223.68992 0.982142857143 0.0 2458059.99392 0.0 0.0 0.0
0.413730127668 14960874.9256 5155194.37553 0.982142857143 0.0 2458059.99599 0.0 0.0 1.0
0.447374666124 14889217.7979 5130087.79148 0.982142857143 0.0 2458060.03703 0.0 1.0 0.0
0.449073124797 14947899.414 5150153.66134 0.982142857143 0.0 2458060.0391 0.0 1.0 1.0
0.450771430397 14917289.9993 5141032.3203 0.982142857143 0.0 2458060.04118 0.0 1.0 0.0
0.452469885252 14958774.0432 5154485.37076 0.982142857143 0.0 2458060.04325 0.0 1.0 1.0
0.454168184745 14925580.7306 5144120.8096 0.982142857143 0.0 2458060.04532 0.0 1.0 0.0
0.455866636546 14964306.6782 5156405.1823 0.982142857143 0.0 2458060.04739 0.0 1.0 1.0
0.457564931457 14931036.4282 5145938.14037 0.982142857143 0.0 2458060.04946 0.0 1.0 0.0
0.459263369135 14959506.2609 5154677.22353 0.982142857143 0.0 2458060.05153 0.0 1.0 1.0
0.460961650304 14931208.1514 5146068.68279 0.982142857143 0.0 2458060.05361 0.0 1.0 0.0
0.462660078057 14965512.0602 5156620.48144 0.982142857143 0.0 2458060.05568 0.0 1.0 1.0
0.464358353118 14928530.7783 5145270.02908 0.982142857143 0.0 2458060.05775 0.0 1.0 0.0
0.466056775909 14960521.7937 5155032.74741 0.982142857143 0.0 2458060.05982 0.0 1.0 1.0
0.467755039136 14922827.8591 5143225.75636 0.982142857143 0.0 2458060.06189 0.0 1.0 0.0
-0.498344183106 14895567.4623 5132183.01892 0.982142857143 0.0 2458060.10325 0.0 2.0 0.0
-0.49664587598 14941708.8359 5148344.43804 0.982142857143 0.0 2458060.10532 0.0 2.0 1.0
-0.494947414635 14912788.9851 5139601.59202 0.982142857143 0.0 2458060.10739 0.0 2.0 0.0
-0.49324910789 14946963.3461 5150145.18815 0.982142857143 0.0 2458060.10946 0.0 2.0 1.0
-0.491550656852 14911785.5919 5139145.50706 0.982142857143 0.0 2458060.11154 0.0 2.0 0.0
-0.489852361177 14945031.0403 5149793.52551 0.982142857143 0.0 2458060.11361 0.0 2.0 1.0
-0.488153918537 14903145.9409 5136509.7429 0.982142857143 0.0 2458060.11568 0.0 2.0 0.0
-0.486455628588 14935679.9713 5146401.8532 0.982142857143 0.0 2458060.11775 0.0 2.0 1.0
-0.484757192055 14905266.8487 5137232.78415 0.982142857143 0.0 2458060.11982 0.0 2.0 0.0
-0.483058915849 14929743.8034 5144565.5671 0.982142857143 0.0 2458060.12189 0.0 2.0 1.0
-0.481360493059 14897627.0917 5134576.82288 0.982142857143 0.0 2458060.12397 0.0 2.0 0.0
-0.479662226778 14931503.8811 5145119.98 0.982142857143 0.0 2458060.12604 0.0 2.0 1.0
-0.477963812004 14904529.6026 5136991.81685 0.982142857143 0.0 2458060.12811 0.0 2.0 0.0
-0.44406318083 14897605.6932 5132627.38674 0.982142857143 0.0 2458060.16946 0.0 3.0 0.0
-0.442364722539 14944365.4526 5148896.90687 0.982142857143 0.0 2458060.17154 0.0 3.0 1.0
-0.440666417321 14916483.0319 5140623.83598 0.982142857143 0.0 2458060.17361 0.0 3.0 0.0
-0.438967963229 14949976.0412 5151139.31239 0.982142857143 0.0 2458060.17568 0.0 3.0 1.0
-0.43726965992 14914516.7782 5140363.44881 0.982142857143 0.0 2458060.17775 0.0 3.0 0.0
-0.435571208881 14947907.9749 5150594.18962 0.982142857143 0.0 2458060.17982 0.0 3.0 1.0
-0.433872918169 14918446.5704 5141660.70786 0.982142857143 0.0 2458060.18189 0.0 3.0 0.0
-0.432174480491 14949980.5177 5151324.45628 0.982142857143 0.0 2458060.18397 0.0 3.0 1.0
-0.430476200086 14923466.7324 5143360.92436 0.982142857143 0.0 2458060.18604 0.0 3.0 0.0
-0.428777772715 14950511.9126 5151434.6666 0.982142857143 0.0 2458060.18811 0.0 3.0 1.0
-0.427079497272 14928211.7792 5145214.89705 0.982142857143 0.0 2458060.19018 0.0 3.0 0.0
-0.425381075245 14958241.2085 5154270.58522 0.982142857143 0.0 2458060.19225 0.0 3.0 1.0
-0.423682812017 14930146.3964 5145819.47078 0.982142857143 0.0 2458060.19433 0.0 3.0 0.0
-0.389782041131 14906625.1092 5135704.42461 0.982142857143 0.0 2458060.23568 0.0 4.0 0.0
-0.388083730569 14955623.0924 5152569.96527 0.982142857143 0.0 2458060.23775 0.0 4.0 1.0
-0.386385269987 14927683.0823 5144532.469 0.982142857143 0.0 2458060.23982 0.0 4.0 0.0
-0.384686967824 14965367.8053 5156443.35375 0.982142857143 0.0 2458060.2419 0.0 4.0 1.0
-0.382988517167 14937438.2325 5147972.96897 0.982142857143 0.0 2458060.24397 0.0 4.0 0.0
-0.381290222256 14973910.6053 5159485.40535 0.982142857143 0.0 2458060.24604 0.0 4.0 1.0
-0.379591779997 14936385.8963 5147609.5251 0.982142857143 0.0 2458060.24811 0.0 4.0 0.0
-0.377893490048 14974351.9345 5159761.52803 0.982142857143 0.0 2458060.25018 0.0 4.0 1.0
-0.376195053897 14943902.3988 5150680.62761 0.982142857143 0.0 2458060.25225 0.0 4.0 0.0
-0.374496778073 14973855.3479 5159567.3188 0.982142857143 0.0 2458060.25433 0.0 4.0 1.0
-0.372798355664 14940792.0373 5149347.27112 0.982142857143 0.0 2458060.2564 0.0 4.0 0.0
-0.371100088619 14969286.3196 5157877.51997 0.982142857143 0.0 2458060.25847 0.0 4.0 1.0
-0.369401674227 14936987.6591 5147995.88208 0.982142857143 0.0 2458060.26054 0.0 4.0 0.0
