#time 		photoelectrons 	error 		visit 	orbit 	scan 	wave_center 	wave_start 	wave_end
0.395048218673 14312552.316 4935736.51018 1.01785714286 0.0 2458059.9732 0.0 0.0 0.0
0.396746528472 14375512.812 4956999.62731 1.01785714286 0.0 2458059.97527 0.0 0.0 1.0
0.398444982946 14352950.7558 4950212.39068 1.01785714286 0.0 2458059.97734 0.0 0.0 0.0
0.400143282056 14404246.2498 4966894.2422 1.01785714286 0.0 2458059.97942 0.0 0.0 1.0
0.401841728896 14380728.0451 4959958.72516 1.01785714286 0.0 2458059.98149 0.0 0.0 0.0
0.403540023807 14426951.1919 4974847.65622 1.01785714286 0.0 2458059.98356 0.0 0.0 1.0
0.40523846492 14403227.6518 4967725.79086 1.01785714286 0.0 2458059.98563 0.0 0.0 0.0
0.406936745325 14446868.1991 4981684.54308 1.01785714286 0.0 2458059.9877 0.0 0.0 1.0
0.408635172696 14420517.8163 4973507.66579 1.01785714286 0.0 2458059.98977 0.0 0.0 0.0
0.410333443177 14465435.344 4987803.25236 1.01785714286 0.0 2458059.99185 0.0 0.0 1.0
0.412031861387 14433142.1952 4977731.83578 1.01785714286 0.0 2458059.99392 0.0 0.0 0.0
0.413730127668 14468459.2613 4988686.40166 1.01785714286 0.0 2458059.99599 0.0 0.0 1.0
0.447374666124 14410554.2475 4968490.14447 1.01785714286 0.0 2458060.03703 0.0 1.0 0.0
0.449073124797 14457177.9199 4984473.81425 1.01785714286 0.0 2458060.0391 0.0 1.0 1.0
0.450771430397 14433118.1996 4977391.13355 1.01785714286 0.0 2458060.04118 0.0 1.0 0.0
0.452469885252 14472482.2314 4990118.05854 1.01785714286 0.0 2458060.04325 0.0 1.0 1.0
0.454168184745 14442927.5269 4981009.73307 1.01785714286 0.0 2458060.04532 0.0 1.0 0.0
0.455866636546 14479060.5915 4992403.19378 1.01785714286 0.0 2458060.04739 0.0 1.0 1.0
0.457564931457 14440449.0003 4980052.80168 1.01785714286 0.0 2458060.04946 0.0 1.0 0.0
0.459263369135 14473036.3972 4990308.5678 1.01785714286 0.0 2458060.05153 0.0 1.0 1.0
0.460961650304 14439416.9793 4979913.17368 1.01785714286 0.0 2458060.05361 0.0 1.0 0.0
0.462660078057 14473635.516 4990382.82511 1.01785714286 0.0 2458060.05568 0.0 1.0 1.0
0.464358353118 14443451.8777 4981287.97155 1.01785714286 0.0 2458060.05775 0.0 1.0 0.0
0.466056775909 14466960.7777 4988373.21489 1.01785714286 0.0 2458060.05982 0.0 1.0 1.0
0.467755039136 14434005.2743 4978036.40081 1.01785714286 0.0 2458060.06189 0.0 1.0 0.0
-0.498344183106 14410265.7354 4968299.9575 1.01785714286 0.0 2458060.10325 0.0 2.0 0.0
-0.49664587598 14454192.445 4983556.1096 1.01785714286 0.0 2458060.10532 0.0 2.0 1.0
-0.494947414635 14428428.5226 4975949.20825 1.01785714286 0.0 2458060.10739 0.0 2.0 0.0
-0.49324910789 14459905.2501 4985639.66134 1.01785714286 0.0 2458060.10946 0.0 2.0 1.0
-0.491550656852 14426437.3679 4975108.33715 1.01785714286 0.0 2458060.11154 0.0 2.0 0.0
-0.489852361177 14454679.5086 4984174.81338 1.01785714286 0.0 2458060.11361 0.0 2.0 1.0
-0.488153918537 14422566.4482 4974089.09391 1.01785714286 0.0 2458060.11568 0.0 2.0 0.0
-0.486455628588 14443089.0715 4980012.75588 1.01785714286 0.0 2458060.11775 0.0 2.0 1.0
-0.484757192055 14411965.5682 4970390.92114 1.01785714286 0.0 2458060.11982 0.0 2.0 0.0
-0.483058915849 14440840.4417 4979357.80496 1.01785714286 0.0 2458060.12189 0.0 2.0 1.0
-0.481360493059 14413147.4358 4970865.01092 1.01785714286 0.0 2458060.12397 0.0 2.0 0.0
-0.479662226778 14449583.3099 4982380.52934 1.01785714286 0.0 2458060.12604 0.0 2.0 1.0
-0.477963812004 14417713.6368 4972414.9609 1.01785714286 0.0 2458060.12811 0.0 2.0 0.0
-0.44406318083 14411413.8871 4968423.91867 1.01785714286 0.0 2458060.16946 0.0 3.0 0.0
-0.442364722539 14454580.7411 4983432.65246 1.01785714286 0.0 2458060.17154 0.0 3.0 1.0
-0.440666417321 14430675.0882 4976588.78254 1.01785714286 0.0 2458060.17361 0.0 3.0 0.0
-0.438967963229 14463716.2455 4986807.23336 1.01785714286 0.0 2458060.17568 0.0 3.0 1.0
-0.43726965992 14430586.2887 4976642.10256 1.01785714286 0.0 2458060.17775 0.0 3.0 0.0
-0.435571208881 14465983.8752 4987970.58176 1.01785714286 0.0 2458060.17982 0.0 3.0 1.0
-0.433872918169 14428119.8991 4975980.83723 1.01785714286 0.0 2458060.18189 0.0 3.0 0.0
-0.432174480491 14460830.9264 4986086.30515 1.01785714286 0.0 2458060.18397 0.0 3.0 1.0
-0.430476200086 14432732.712 4977606.17395 1.01785714286 0.0 2458060.18604 0.0 3.0 0.0
-0.428777772715 14468699.6425 4988773.42311 1.01785714286 0.0 2458060.18811 0.0 3.0 1.0
-0.427079497272 14436269.102 4978966.8648 1.01785714286 0.0 2458060.19018 0.0 3.0 0.0
-0.425381075245 14470319.04 4989575.51222 1.01785714286 0.0 2458060.19225 0.0 3.0 1.0
-0.423682812017 14442823.1789 4980976.73989 1.01785714286 0.0 2458060.19433 0.0 3.0 0.0
-0.389782041131 14420526.9477 4971439.99805 1.01785714286 0.0 2458060.23568 0.0 4.0 0.0
-0.388083730569 14463234.3032 4986318.81346 1.01785714286 0.0 2458060.23775 0.0 4.0 1.0
-0.386385269987 14442524.5639 4980470.46129 1.01785714286 0.0 2458060.23982 0.0 4.0 0.0
-0.384686967824 14478631.342 4991967.37592 1.01785714286 0.0 2458060.2419 0.0 4.0 1.0
-0.382988517167 14447181.0327 4982266.73936 1.01785714286 0.0 2458060.24397 0.0 4.0 0.0
-0.381290222256 14481881.9716 4993341.71398 1.01785714286 0.0 2458060.24604 0.0 4.0 1.0
-0.379591779997 14454517.7558 4984772.42643 1.01785714286 0.0 2458060.24811 0.0 4.0 0.0
-0.377893490048 14482129.6821 4993440.31166 1.01785714286 0.0 2458060.25018 0.0 4.0 1.0
-0.376195053897 14455226.3228 4985413.79722 1.01785714286 0.0 2458060.25225 0.0 4.0 0.0
-0.374496778073 14479553.9245 4992457.56909 1.01785714286 0.0 2458060.25433 0.0 4.0 1.0
-0.372798355664 14449165.1501 4983183.99307 1.01785714286 0.0 2458060.2564 0.0 4.0 0.0
-0.371100088619 14478673.9558 4992122.27854 1.01785714286 0.0 2458060.25847 0.0 4.0 1.0
-0.369401674227 14441130.0874 4980259.33721 1.01785714286 0.0 2458060.26054 0.0 4.0 0.0
