#time 		photoelectrons 	error 		visit 	orbit 	scan 	wave_center 	wave_start 	wave_end
0.395048218673 14594010.6127 5037849.47604 1.025 0.0 2458059.9732 0.0 0.0 0.0
0.396746528472 14668489.3996 5064522.35982 1.025 0.0 2458059.97527 0.0 0.0 1.0
0.398444982946 14640067.5826 5055476.02836 1.025 0.0 2458059.97734 0.0 0.0 0.0
0.400143282056 14698238.0489 5075199.49413 1.025 0.0 2458059.97942 0.0 0.0 1.0
0.401841728896 14670258.6006 5064552.81645 1.025 0.0 2458059.98149 0.0 0.0 0.0
0.403540023807 14723975.942 5084290.40754 1.025 0.0 2458059.98356 0.0 0.0 1.0
0.40523846492 14697455.1756 5075653.24627 1.025 0.0 2458059.98563 0.0 0.0 0.0
0.406936745325 14748698.2736 5093443.89093 1.025 0.0 2458059.9877 0.0 0.0 1.0
0.408635172696 14716217.1198 5082374.4157 1.025 0.0 2458059.98977 0.0 0.0 0.0
0.410333443177 14758002.498 5095137.61686 1.025 0.0 2458059.99185 0.0 0.0 1.0
0.412031861387 14725162.8145 5084011.27577 1.025 0.0 2458059.99392 0.0 0.0 0.0
0.413730127668 14767476.689 5098399.17061 1.025 0.0 2458059.99599 0.0 0.0 1.0
0.447374666124 14697608.7569 5072275.36502 1.025 0.0 2458060.03703 0.0 1.0 0.0
0.449073124797 14753163.1704 5093379.50215 1.025 0.0 2458060.0391 0.0 1.0 1.0
0.450771430397 14723248.0157 5083150.30879 1.025 0.0 2458060.04118 0.0 1.0 0.0
0.452469885252 14770309.8638 5100351.0456 1.025 0.0 2458060.04325 0.0 1.0 1.0
0.454168184745 14728249.3664 5085650.31501 1.025 0.0 2458060.04532 0.0 1.0 0.0
0.455866636546 14776719.7662 5102517.02207 1.025 0.0 2458060.04739 0.0 1.0 1.0
0.457564931457 14735756.2731 5089037.15794 1.025 0.0 2458060.04946 0.0 1.0 0.0
0.459263369135 14769651.7482 5099336.96952 1.025 0.0 2458060.05153 0.0 1.0 1.0
0.460961650304 14727520.7869 5084664.49509 1.025 0.0 2458060.05361 0.0 1.0 0.0
0.462660078057 14768494.3362 5098769.27621 1.025 0.0 2458060.05568 0.0 1.0 1.0
0.464358353118 14736216.9449 5088564.21044 1.025 0.0 2458060.05775 0.0 1.0 0.0
0.466056775909 14774305.0854 5101781.10566 1.025 0.0 2458060.05982 0.0 1.0 1.0
0.467755039136 14727021.919 5084886.46865 1.025 0.0 2458060.06189 0.0 1.0 0.0
-0.498344183106 14692726.649 5070334.60485 1.025 0.0 2458060.10325 0.0 2.0 0.0
-0.49664587598 14757960.3938 5095928.88168 1.025 0.0 2458060.10532 0.0 2.0 1.0
-0.494947414635 14723195.983 5083707.31788 1.025 0.0 2458060.10739 0.0 2.0 0.0
-0.49324910789 14753184.4578 5093401.69554 1.025 0.0 2458060.10946 0.0 2.0 1.0
-0.491550656852 14722876.8892 5085498.34903 1.025 0.0 2458060.11154 0.0 2.0 0.0
-0.489852361177 14758168.3451 5097086.2013 1.025 0.0 2458060.11361 0.0 2.0 1.0
-0.488153918537 14709940.5104 5079281.87948 1.025 0.0 2458060.11568 0.0 2.0 0.0
-0.486455628588 14739929.6845 5088085.20802 1.025 0.0 2458060.11775 0.0 2.0 1.0
-0.484757192055 14704442.9817 5077789.78203 1.025 0.0 2458060.11982 0.0 2.0 0.0
-0.483058915849 14741768.939 5090385.43407 1.025 0.0 2458060.12189 0.0 2.0 1.0
-0.481360493059 14701201.5043 5075757.31107 1.025 0.0 2458060.12397 0.0 2.0 0.0
-0.479662226778 14743554.0432 5090992.2273 1.025 0.0 2458060.12604 0.0 2.0 1.0
-0.477963812004 14711691.0839 5078954.02236 1.025 0.0 2458060.12811 0.0 2.0 0.0
-0.44406318083 14699265.7443 5072785.33155 1.025 0.0 2458060.16946 0.0 3.0 0.0
-0.442364722539 14744666.9107 5089123.28298 1.025 0.0 2458060.17154 0.0 3.0 1.0
-0.440666417321 14725199.4469 5085624.45305 1.025 0.0 2458060.17361 0.0 3.0 0.0
-0.438967963229 14755658.3137 5093792.01737 1.025 0.0 2458060.17568 0.0 3.0 1.0
-0.43726965992 14730574.1131 5087468.37561 1.025 0.0 2458060.17775 0.0 3.0 0.0
-0.435571208881 14757656.5031 5095241.44288 1.025 0.0 2458060.17982 0.0 3.0 1.0
-0.433872918169 14724231.2846 5084217.02748 1.025 0.0 2458060.18189 0.0 3.0 0.0
-0.432174480491 14755006.7086 5093518.77186 1.025 0.0 2458060.18397 0.0 3.0 1.0
-0.430476200086 14727808.9453 5086545.44987 1.025 0.0 2458060.18604 0.0 3.0 0.0
-0.428777772715 14763719.5321 5096776.91701 1.025 0.0 2458060.18811 0.0 3.0 1.0
-0.427079497272 14728576.9567 5085968.49871 1.025 0.0 2458060.19018 0.0 3.0 0.0
-0.425381075245 14773646.1447 5102335.84474 1.025 0.0 2458060.19225 0.0 3.0 1.0
-0.423682812017 14730201.6027 5085997.19845 1.025 0.0 2458060.19433 0.0 3.0 0.0
-0.389782041131 14706768.7612 5074513.55832 1.025 0.0 2458060.23568 0.0 4.0 0.0
-0.388083730569 14761645.9588 5095367.41362 1.025 0.0 2458060.23775 0.0 4.0 1.0
-0.386385269987 14740190.7629 5089652.97772 1.025 0.0 2458060.23982 0.0 4.0 0.0
-0.384686967824 14778852.9924 5102910.75335 1.025 0.0 2458060.2419 0.0 4.0 1.0
-0.382988517167 14745749.523 5091715.6202 1.025 0.0 2458060.24397 0.0 4.0 0.0
-0.381290222256 14781302.9388 5103832.40652 1.025 0.0 2458060.24604 0.0 4.0 1.0
-0.379591779997 14751351.9742 5094481.16511 1.025 0.0 2458060.24811 0.0 4.0 0.0
-0.377893490048 14781836.7467 5103583.36493 1.025 0.0 2458060.25018 0.0 4.0 1.0
-0.376195053897 14743711.793 5090045.565 1.025 0.0 2458060.25225 0.0 4.0 0.0
-0.374496778073 14781790.3471 5103529.92433 1.025 0.0 2458060.25433 0.0 4.0 1.0
-0.372798355664 14747308.0569 5092614.98431 1.025 0.0 2458060.2564 0.0 4.0 0.0
-0.371100088619 14777369.695 5102160.49076 1.025 0.0 2458060.25847 0.0 4.0 1.0
-0.369401674227 14737659.3713 5088600.70485 1.025 0.0 2458060.26054 0.0 4.0 0.0
