#time 		photoelectrons 	error 		visit 	orbit 	scan 	wave_center 	wave_start 	wave_end
0.395048218673 14668200.7544 5055749.71626 0.989285714286 0.0 2458059.9732 0.0 0.0 0.0
0.396746528472 14734679.1306 5078260.22088 0.989285714286 0.0 2458059.97527 0.0 0.0 1.0
0.398444982946 14714577.1034 5072432.43619 0.989285714286 0.0 2458059.97734 0.0 0.0 0.0
0.400143282056 14765564.58 5088946.90062 0.989285714286 0.0 2458059.97942 0.0 0.0 1.0
0.401841728896 14744038.969 5082656.64212 0.989285714286 0.0 2458059.98149 0.0 0.0 0.0
0.403540023807 14788117.409 5096737.87015 0.989285714286 0.0 2458059.98356 0.0 0.0 1.0
0.40523846492 14765774.3356 5090211.97601 0.989285714286 0.0 2458059.98563 0.0 0.0 0.0
0.406936745325 14808997.1332 5103933.95595 0.989285714286 0.0 2458059.9877 0.0 0.0 1.0
0.408635172696 14782577.0818 5095723.0312 0.989285714286 0.0 2458059.98977 0.0 0.0 0.0
0.410333443177 14825253.3187 5109381.85515 0.989285714286 0.0 2458059.99185 0.0 0.0 1.0
0.412031861387 14794887.045 5099895.61549 0.989285714286 0.0 2458059.99392 0.0 0.0 0.0
0.413730127668 14831067.2273 5111249.76901 0.989285714286 0.0 2458059.99599 0.0 0.0 1.0
0.447374666124 14775495.1955 5091651.07402 0.989285714286 0.0 2458060.03703 0.0 1.0 0.0
0.449073124797 14823032.6001 5107908.31856 0.989285714286 0.0 2458060.0391 0.0 1.0 1.0
0.450771430397 14792382.7538 5098733.3112 0.989285714286 0.0 2458060.04118 0.0 1.0 0.0
0.452469885252 14835636.4065 5112823.77378 0.989285714286 0.0 2458060.04325 0.0 1.0 1.0
0.454168184745 14801362.7448 5102063.55772 0.989285714286 0.0 2458060.04532 0.0 1.0 0.0
0.455866636546 14838440.9318 5113847.80796 0.989285714286 0.0 2458060.04739 0.0 1.0 1.0
0.457564931457 14808440.9903 5104428.41585 0.989285714286 0.0 2458060.04946 0.0 1.0 0.0
0.459263369135 14841798.241 5114911.86695 0.989285714286 0.0 2458060.05153 0.0 1.0 1.0
0.460961650304 14804273.3015 5103044.96223 0.989285714286 0.0 2458060.05361 0.0 1.0 0.0
0.462660078057 14839992.9352 5114204.07466 0.989285714286 0.0 2458060.05568 0.0 1.0 1.0
0.464358353118 14804180.3173 5103125.61386 0.989285714286 0.0 2458060.05775 0.0 1.0 0.0
0.466056775909 14840594.1127 5114575.94279 0.989285714286 0.0 2458060.05982 0.0 1.0 1.0
0.467755039136 14804789.6109 5103332.82591 0.989285714286 0.0 2458060.06189 0.0 1.0 0.0
-0.498344183106 14774098.6357 5091055.30561 0.989285714286 0.0 2458060.10325 0.0 2.0 0.0
-0.49664587598 14818052.275 5106503.55307 0.989285714286 0.0 2458060.10532 0.0 2.0 1.0
-0.494947414635 14789495.1788 5097887.67594 0.989285714286 0.0 2458060.10739 0.0 2.0 0.0
-0.49324910789 14817529.8002 5106414.06649 0.989285714286 0.0 2458060.10946 0.0 2.0 1.0
-0.491550656852 14788194.4041 5097332.40964 0.989285714286 0.0 2458060.11154 0.0 2.0 0.0
-0.489852361177 14817255.9602 5106582.57821 0.989285714286 0.0 2458060.11361 0.0 2.0 1.0
-0.488153918537 14782901.7404 5095821.488 0.989285714286 0.0 2458060.11568 0.0 2.0 0.0
-0.486455628588 14812265.2472 5104650.44584 0.989285714286 0.0 2458060.11775 0.0 2.0 1.0
-0.484757192055 14777975.807 5094160.30508 0.989285714286 0.0 2458060.11982 0.0 2.0 0.0
-0.483058915849 14806383.4963 5102861.01103 0.989285714286 0.0 2458060.12189 0.0 2.0 1.0
-0.481360493059 14773370.4955 5092572.90673 0.989285714286 0.0 2458060.12397 0.0 2.0 0.0
-0.479662226778 14811912.572 5104640.87973 0.989285714286 0.0 2458060.12604 0.0 2.0 1.0
-0.477963812004 14781315.0639 5095287.30962 0.989285714286 0.0 2458060.12811 0.0 2.0 0.0
-0.44406318083 14772714.7285 5090384.42408 0.989285714286 0.0 2458060.16946 0.0 3.0 0.0
-0.442364722539 14819439.257 5106621.68045 0.989285714286 0.0 2458060.17154 0.0 3.0 1.0
-0.440666417321 14793278.1122 5099042.27665 0.989285714286 0.0 2458060.17361 0.0 3.0 0.0
-0.438967963229 14824317.844 5108695.43726 0.989285714286 0.0 2458060.17568 0.0 3.0 1.0
-0.43726965992 14795113.7811 5099971.93892 0.989285714286 0.0 2458060.17775 0.0 3.0 0.0
-0.435571208881 14831061.343 5111087.03505 0.989285714286 0.0 2458060.17982 0.0 3.0 1.0
-0.433872918169 14797884.1503 5100910.92597 0.989285714286 0.0 2458060.18189 0.0 3.0 0.0
-0.432174480491 14832484.2986 5111660.30114 0.989285714286 0.0 2458060.18397 0.0 3.0 1.0
-0.430476200086 14796861.5593 5100536.68575 0.989285714286 0.0 2458060.18604 0.0 3.0 0.0
-0.428777772715 14835094.4686 5112430.82123 0.989285714286 0.0 2458060.18811 0.0 3.0 1.0
-0.427079497272 14803375.4111 5102914.37156 0.989285714286 0.0 2458060.19018 0.0 3.0 0.0
-0.425381075245 14836418.2615 5113099.22871 0.989285714286 0.0 2458060.19225 0.0 3.0 1.0
-0.423682812017 14805683.0967 5103743.71412 0.989285714286 0.0 2458060.19433 0.0 3.0 0.0
-0.389782041131 14781674.3229 5093362.74104 0.989285714286 0.0 2458060.23568 0.0 4.0 0.0
-0.388083730569 14831400.4266 5110503.51729 0.989285714286 0.0 2458060.23775 0.0 4.0 1.0
-0.386385269987 14805264.3225 5103072.89293 0.989285714286 0.0 2458060.23982 0.0 4.0 0.0
-0.384686967824 14840452.9516 5114165.48836 0.989285714286 0.0 2458060.2419 0.0 4.0 1.0
-0.382988517167 14812749.7664 5105760.34397 0.989285714286 0.0 2458060.24397 0.0 4.0 0.0
-0.381290222256 14848174.6249 5117034.37663 0.989285714286 0.0 2458060.24604 0.0 4.0 1.0
-0.379591779997 14817164.7958 5107285.39535 0.989285714286 0.0 2458060.24811 0.0 4.0 0.0
-0.377893490048 14854790.9099 5119297.15184 0.989285714286 0.0 2458060.25018 0.0 4.0 1.0
-0.376195053897 14817587.0336 5107910.24494 0.989285714286 0.0 2458060.25225 0.0 4.0 0.0
-0.374496778073 14848560.7882 5117160.83989 0.989285714286 0.0 2458060.25433 0.0 4.0 1.0
-0.372798355664 14814865.3933 5106624.12685 0.989285714286 0.0 2458060.2564 0.0 4.0 0.0
-0.371100088619 14846689.0486 5116407.81781 0.989285714286 0.0 2458060.25847 0.0 4.0 1.0
-0.369401674227 14813186.0237 5106081.5353 0.989285714286 0.0 2458060.26054 0.0 4.0 0.0
