#time 		photoelectrons 	error 		visit 	orbit 	scan 	wave_center 	wave_start 	wave_end
0.395048218673 6393580.8522 2250875.30572 0.825 0.0 2458059.9732 0.0 0.0 0.0
0.396746528472 6425621.97379 2261893.17826 0.825 0.0 2458059.97527 0.0 0.0 1.0
0.398444982946 6412096.51674 2257276.04062 0.825 0.0 2458059.97734 0.0 0.0 0.0
0.400143282056 6437462.8339 2265852.44618 0.825 0.0 2458059.97942 0.0 0.0 1.0
0.401841728896 6425821.91736 2262017.83811 0.825 0.0 2458059.98149 0.0 0.0 0.0
0.403540023807 6448303.97824 2269532.35944 0.825 0.0 2458059.98356 0.0 0.0 1.0
0.40523846492 6439375.48789 2266671.8564 0.825 0.0 2458059.98563 0.0 0.0 0.0
0.406936745325 6460575.46701 2273854.59277 0.825 0.0 2458059.9877 0.0 0.0 1.0
0.408635172696 6447413.95734 2269238.72085 0.825 0.0 2458059.98977 0.0 0.0 0.0
0.410333443177 6468241.81104 2276143.10843 0.825 0.0 2458059.99185 0.0 0.0 1.0
0.412031861387 6454712.94466 2271684.45877 0.825 0.0 2458059.99392 0.0 0.0 0.0
0.413730127668 6472956.3059 2277663.55953 0.825 0.0 2458059.99599 0.0 0.0 1.0
0.447374666124 6442474.97857 2266909.79569 0.825 0.0 2458060.03703 0.0 1.0 0.0
0.449073124797 6464950.70251 2274808.4199 0.825 0.0 2458060.0391 0.0 1.0 1.0
0.450771430397 6452175.51012 2270678.40538 0.825 0.0 2458060.04118 0.0 1.0 0.0
0.452469885252 6473340.97357 2277767.81179 0.825 0.0 2458060.04325 0.0 1.0 1.0
0.454168184745 6459158.16292 2273335.07932 0.825 0.0 2458060.04532 0.0 1.0 0.0
0.455866636546 6475952.36616 2278639.77474 0.825 0.0 2458060.04739 0.0 1.0 1.0
0.457564931457 6462053.92461 2274083.66209 0.825 0.0 2458060.04946 0.0 1.0 0.0
0.459263369135 6479964.76504 2280044.82407 0.825 0.0 2458060.05153 0.0 1.0 1.0
0.460961650304 6462993.32806 2274459.96013 0.825 0.0 2458060.05361 0.0 1.0 0.0
0.462660078057 6478418.2221 2279205.25185 0.825 0.0 2458060.05568 0.0 1.0 1.0
0.464358353118 6464276.66777 2274828.39542 0.825 0.0 2458060.05775 0.0 1.0 0.0
0.466056775909 6477919.66561 2279251.84443 0.825 0.0 2458060.05982 0.0 1.0 1.0
0.467755039136 6467446.55786 2276038.47797 0.825 0.0 2458060.06189 0.0 1.0 0.0
-0.498344183106 6449676.11576 2269424.17975 0.825 0.0 2458060.10325 0.0 2.0 0.0
-0.49664587598 6470577.04551 2276903.58 0.825 0.0 2458060.10532 0.0 2.0 1.0
-0.494947414635 6456989.17265 2272425.51962 0.825 0.0 2458060.10739 0.0 2.0 0.0
-0.49324910789 6471909.46896 2277208.26003 0.825 0.0 2458060.10946 0.0 2.0 1.0
-0.491550656852 6455521.08222 2271800.27338 0.825 0.0 2458060.11154 0.0 2.0 0.0
-0.489852361177 6471604.14251 2277134.76062 0.825 0.0 2458060.11361 0.0 2.0 1.0
-0.488153918537 6452320.27532 2270845.56669 0.825 0.0 2458060.11568 0.0 2.0 0.0
-0.486455628588 6467144.09434 2275539.11322 0.825 0.0 2458060.11775 0.0 2.0 1.0
-0.484757192055 6448862.85447 2269586.59308 0.825 0.0 2458060.11982 0.0 2.0 0.0
-0.483058915849 6469202.4863 2276266.60397 0.825 0.0 2458060.12189 0.0 2.0 1.0
-0.481360493059 6454434.44682 2271429.79548 0.825 0.0 2458060.12397 0.0 2.0 0.0
-0.479662226778 6470260.26287 2276637.83926 0.825 0.0 2458060.12604 0.0 2.0 1.0
-0.477963812004 6457381.34092 2272468.06777 0.825 0.0 2458060.12811 0.0 2.0 0.0
-0.44406318083 6449472.30369 2269118.10133 0.825 0.0 2458060.16946 0.0 3.0 0.0
-0.442364722539 6470404.57348 2276549.13534 0.825 0.0 2458060.17154 0.0 3.0 1.0
-0.440666417321 6454992.8079 2271604.85468 0.825 0.0 2458060.17361 0.0 3.0 0.0
-0.438967963229 6471410.47095 2276985.30511 0.825 0.0 2458060.17568 0.0 3.0 1.0
-0.43726965992 6458984.14037 2273134.82477 0.825 0.0 2458060.17775 0.0 3.0 0.0
-0.435571208881 6476805.85243 2278835.07924 0.825 0.0 2458060.17982 0.0 3.0 1.0
-0.433872918169 6459804.87897 2273195.35485 0.825 0.0 2458060.18189 0.0 3.0 0.0
-0.432174480491 6474321.37033 2277920.28583 0.825 0.0 2458060.18397 0.0 3.0 1.0
-0.430476200086 6462623.71892 2274267.58678 0.825 0.0 2458060.18604 0.0 3.0 0.0
-0.428777772715 6479114.37095 2279396.39979 0.825 0.0 2458060.18811 0.0 3.0 1.0
-0.427079497272 6463347.66155 2274634.972 0.825 0.0 2458060.19018 0.0 3.0 0.0
-0.425381075245 6479841.66991 2279833.20954 0.825 0.0 2458060.19225 0.0 3.0 1.0
-0.423682812017 6467397.02011 2275847.39584 0.825 0.0 2458060.19433 0.0 3.0 0.0
-0.389782041131 6457672.30057 2271773.57159 0.825 0.0 2458060.23568 0.0 4.0 0.0
-0.388083730569 6476446.26935 2278492.54021 0.825 0.0 2458060.23775 0.0 4.0 1.0
-0.386385269987 6463357.79808 2274327.16565 0.825 0.0 2458060.23982 0.0 4.0 0.0
-0.384686967824 6478901.30272 2279529.18291 0.825 0.0 2458060.2419 0.0 4.0 1.0
-0.382988517167 6467487.44181 2275876.2509 0.825 0.0 2458060.24397 0.0 4.0 0.0
-0.381290222256 6483884.68323 2281314.31066 0.825 0.0 2458060.24604 0.0 4.0 1.0
-0.379591779997 6470667.45325 2276994.9561 0.825 0.0 2458060.24811 0.0 4.0 0.0
-0.377893490048 6484035.52278 2281354.45933 0.825 0.0 2458060.25018 0.0 4.0 1.0
-0.376195053897 6473789.39171 2278238.52732 0.825 0.0 2458060.25225 0.0 4.0 0.0
-0.374496778073 6486241.06779 2281920.4698 0.825 0.0 2458060.25433 0.0 4.0 1.0
-0.372798355664 6471673.36056 2277172.6858 0.825 0.0 2458060.2564 0.0 4.0 0.0
-0.371100088619 6483656.08095 2281087.79717 0.825 0.0 2458060.25847 0.0 4.0 1.0
-0.369401674227 6471199.51861 2277125.75954 0.825 0.0 2458060.26054 0.0 4.0 0.0
