#time 		photoelectrons 	error 		visit 	orbit 	scan 	wave_center 	wave_start 	wave_end
0.395048218673 14415909.9027 5005744.32898 1.05357142857 0.0 2458059.9732 0.0 0.0 0.0
0.396746528472 14484652.7716 5029205.05651 1.05357142857 0.0 2458059.97527 0.0 0.0 1.0
0.398444982946 14458216.659 5020945.93919 1.05357142857 0.0 2458059.97734 0.0 0.0 0.0
0.400143282056 14514414.8231 5039612.49156 1.05357142857 0.0 2458059.97942 0.0 0.0 1.0
0.401841728896 14485356.8539 5030594.26224 1.05357142857 0.0 2458059.98149 0.0 0.0 0.0
0.403540023807 14542666.0271 5049391.26885 1.05357142857 0.0 2458059.98356 0.0 0.0 1.0
0.40523846492 14508545.2318 5038537.29862 1.05357142857 0.0 2458059.98563 0.0 0.0 0.0
0.406936745325 14561569.9564 5056072.91283 1.05357142857 0.0 2458059.9877 0.0 0.0 1.0
0.408635172696 14529932.4558 5045656.5478 1.05357142857 0.0 2458059.98977 0.0 0.0 0.0
0.410333443177 14577092.0423 5061146.98326 1.05357142857 0.0 2458059.99185 0.0 0.0 1.0
0.412031861387 14541852.3521 5049828.37187 1.05357142857 0.0 2458059.99392 0.0 0.0 0.0
0.413730127668 14576939.1742 5060963.28416 1.05357142857 0.0 2458059.99599 0.0 0.0 1.0
0.447374666124 14517278.633 5039966.53633 1.05357142857 0.0 2458060.03703 0.0 1.0 0.0
0.449073124797 14571267.2683 5058697.67184 1.05357142857 0.0 2458060.0391 0.0 1.0 1.0
0.450771430397 14539734.9744 5048805.7824 1.05357142857 0.0 2458060.04118 0.0 1.0 0.0
0.452469885252 14583835.7489 5063316.66673 1.05357142857 0.0 2458060.04325 0.0 1.0 1.0
0.454168184745 14544797.2083 5050881.4662 1.05357142857 0.0 2458060.04532 0.0 1.0 0.0
0.455866636546 14589798.8588 5065422.95339 1.05357142857 0.0 2458060.04739 0.0 1.0 1.0
0.457564931457 14548773.5931 5052074.95272 1.05357142857 0.0 2458060.04946 0.0 1.0 0.0
0.459263369135 14588672.5332 5065048.24079 1.05357142857 0.0 2458060.05153 0.0 1.0 1.0
0.460961650304 14551574.5262 5053164.81856 1.05357142857 0.0 2458060.05361 0.0 1.0 0.0
0.462660078057 14586761.3182 5064293.25866 1.05357142857 0.0 2458060.05568 0.0 1.0 1.0
0.464358353118 14548950.0804 5052307.26362 1.05357142857 0.0 2458060.05775 0.0 1.0 0.0
0.466056775909 14584328.8667 5063564.31172 1.05357142857 0.0 2458060.05982 0.0 1.0 1.0
0.467755039136 14546449.8741 5051543.72027 1.05357142857 0.0 2458060.06189 0.0 1.0 0.0
-0.498344183106 14517093.5409 5039806.63408 1.05357142857 0.0 2458060.10325 0.0 2.0 0.0
-0.49664587598 14567830.032 5057664.44819 1.05357142857 0.0 2458060.10532 0.0 2.0 1.0
-0.494947414635 14534571.4912 5047047.43141 1.05357142857 0.0 2458060.10739 0.0 2.0 0.0
-0.49324910789 14572948.2216 5059519.04726 1.05357142857 0.0 2458060.10946 0.0 2.0 1.0
-0.491550656852 14528071.6787 5044808.77278 1.05357142857 0.0 2458060.11154 0.0 2.0 0.0
-0.489852361177 14566570.8797 5057720.48497 1.05357142857 0.0 2458060.11361 0.0 2.0 1.0
-0.488153918537 14526065.97 5044384.79183 1.05357142857 0.0 2458060.11568 0.0 2.0 0.0
-0.486455628588 14554710.6758 5053309.92219 1.05357142857 0.0 2458060.11775 0.0 2.0 1.0
-0.484757192055 14518811.9248 5041915.98063 1.05357142857 0.0 2458060.11982 0.0 2.0 0.0
-0.483058915849 14555410.3487 5053661.15242 1.05357142857 0.0 2458060.12189 0.0 2.0 1.0
-0.481360493059 14519501.7507 5042079.01726 1.05357142857 0.0 2458060.12397 0.0 2.0 0.0
-0.479662226778 14558080.2662 5054655.16721 1.05357142857 0.0 2458060.12604 0.0 2.0 1.0
-0.477963812004 14522474.8594 5043217.34289 1.05357142857 0.0 2458060.12811 0.0 2.0 0.0
-0.44406318083 14519475.5802 5040362.23271 1.05357142857 0.0 2458060.16946 0.0 3.0 0.0
-0.442364722539 14565360.2046 5056505.7279 1.05357142857 0.0 2458060.17154 0.0 3.0 1.0
-0.440666417321 14534697.4854 5047085.37564 1.05357142857 0.0 2458060.17361 0.0 3.0 0.0
-0.438967963229 14575561.8545 5060327.14954 1.05357142857 0.0 2458060.17568 0.0 3.0 1.0
-0.43726965992 14536167.5427 5047725.51118 1.05357142857 0.0 2458060.17775 0.0 3.0 0.0
-0.435571208881 14577229.1564 5061035.45576 1.05357142857 0.0 2458060.17982 0.0 3.0 1.0
-0.433872918169 14535987.7276 5047908.47518 1.05357142857 0.0 2458060.18189 0.0 3.0 0.0
-0.432174480491 14574811.3903 5060166.8973 1.05357142857 0.0 2458060.18397 0.0 3.0 1.0
-0.430476200086 14540028.0547 5049104.66173 1.05357142857 0.0 2458060.18604 0.0 3.0 0.0
-0.428777772715 14578143.4183 5061314.69664 1.05357142857 0.0 2458060.18811 0.0 3.0 1.0
-0.427079497272 14545707.285 5051299.88875 1.05357142857 0.0 2458060.19018 0.0 3.0 0.0
-0.425381075245 14585094.203 5063935.63819 1.05357142857 0.0 2458060.19225 0.0 3.0 1.0
-0.423682812017 14550630.0067 5052816.84383 1.05357142857 0.0 2458060.19433 0.0 3.0 0.0
-0.389782041131 14528659.3855 5043441.57531 1.05357142857 0.0 2458060.23568 0.0 4.0 0.0
-0.388083730569 14579840.6094 5061337.16959 1.05357142857 0.0 2458060.23775 0.0 4.0 1.0
-0.386385269987 14549442.0387 5052064.88779 1.05357142857 0.0 2458060.23982 0.0 4.0 0.0
-0.384686967824 14589556.4353 5065199.77714 1.05357142857 0.0 2458060.2419 0.0 4.0 1.0
-0.382988517167 14553871.07 5053765.60865 1.05357142857 0.0 2458060.24397 0.0 4.0 0.0
-0.381290222256 14596260.3243 5067581.34231 1.05357142857 0.0 2458060.24604 0.0 4.0 1.0
-0.379591779997 14560483.3513 5055958.68513 1.05357142857 0.0 2458060.24811 0.0 4.0 0.0
-0.377893490048 14600452.8391 5068985.66645 1.05357142857 0.0 2458060.25018 0.0 4.0 1.0
-0.376195053897 14558370.6344 5055660.74892 1.05357142857 0.0 2458060.25225 0.0 4.0 0.0
-0.374496778073 14598790.6765 5068543.68246 1.05357142857 0.0 2458060.25433 0.0 4.0 1.0
-0.372798355664 14554296.0293 5054068.88222 1.05357142857 0.0 2458060.2564 0.0 4.0 0.0
-0.371100088619 14589730.8434 5065230.45015 1.05357142857 0.0 2458060.25847 0.0 4.0 1.0
-0.369401674227 14551638.4788 5053046.47223 1.05357142857 0.0 2458060.26054 0.0 4.0 0.0
