#time 		photoelectrons 	error 		visit 	orbit 	scan 	wave_center 	wave_start 	wave_end
0.395048218673 14663174.3526 5052389.98359 0.989285714286 0.0 2458059.9732 0.0 0.0 0.0
0.396746528472 14729332.3832 5074665.61474 0.989285714286 0.0 2458059.97527 0.0 0.0 1.0
0.398444982946 14708819.1268 5068571.04107 0.989285714286 0.0 2458059.97734 0.0 0.0 0.0
0.400143282056 14759514.0504 5084888.74314 0.989285714286 0.0 2458059.97942 0.0 0.0 1.0
0.401841728896 14738340.533 5078861.53185 0.989285714286 0.0 2458059.98149 0.0 0.0 0.0
0.403540023807 14782259.6751 5092803.5142 0.989285714286 0.0 2458059.98356 0.0 0.0 1.0
0.40523846492 14759376.2322 5085925.49956 0.989285714286 0.0 2458059.98563 0.0 0.0 0.0
0.406936745325 14803319.781 5100109.78221 0.989285714286 0.0 2458059.9877 0.0 0.0 1.0
0.408635172696 14775760.8018 5091148.95627 0.989285714286 0.0 2458059.98977 0.0 0.0 0.0
0.410333443177 14819538.6698 5105544.50538 0.989285714286 0.0 2458059.99185 0.0 0.0 1.0
0.412031861387 14789230.8396 5096116.76219 0.989285714286 0.0 2458059.99392 0.0 0.0 0.0
0.413730127668 14824674.6261 5106985.74547 0.989285714286 0.0 2458059.99599 0.0 0.0 1.0
0.447374666124 14770993.5477 5088622.47831 0.989285714286 0.0 2458060.03703 0.0 1.0 0.0
0.449073124797 14817799.1904 5104378.9029 0.989285714286 0.0 2458060.0391 0.0 1.0 1.0
0.450771430397 14786800.5262 5094999.25929 0.989285714286 0.0 2458060.04118 0.0 1.0 0.0
0.452469885252 14828948.6649 5108351.68965 0.989285714286 0.0 2458060.04325 0.0 1.0 1.0
0.454168184745 14794818.0207 5097672.25606 0.989285714286 0.0 2458060.04532 0.0 1.0 0.0
0.455866636546 14832704.2107 5109990.81321 0.989285714286 0.0 2458060.04739 0.0 1.0 1.0
0.457564931457 14802326.0356 5100345.92015 0.989285714286 0.0 2458060.04946 0.0 1.0 0.0
0.459263369135 14835670.697 5110802.32347 0.989285714286 0.0 2458060.05153 0.0 1.0 1.0
0.460961650304 14798697.6496 5099329.81777 0.989285714286 0.0 2458060.05361 0.0 1.0 0.0
0.462660078057 14833522.2505 5109884.515 0.989285714286 0.0 2458060.05568 0.0 1.0 1.0
0.464358353118 14797943.1905 5098946.45844 0.989285714286 0.0 2458060.05775 0.0 1.0 0.0
0.466056775909 14834778.8261 5110661.64078 0.989285714286 0.0 2458060.05982 0.0 1.0 1.0
0.467755039136 14798598.9313 5099207.2356 0.989285714286 0.0 2458060.06189 0.0 1.0 0.0
-0.498344183106 14770165.5733 5088405.79929 0.989285714286 0.0 2458060.10325 0.0 2.0 0.0
-0.49664587598 14813091.365 5103148.58494 0.989285714286 0.0 2458060.10532 0.0 2.0 1.0
-0.494947414635 14782775.7072 5093403.15327 0.989285714286 0.0 2458060.10739 0.0 2.0 0.0
-0.49324910789 14811959.7276 5102666.32375 0.989285714286 0.0 2458060.10946 0.0 2.0 1.0
-0.491550656852 14781168.4614 5092629.96046 0.989285714286 0.0 2458060.11154 0.0 2.0 0.0
-0.489852361177 14811412.2906 5102655.76806 0.989285714286 0.0 2458060.11361 0.0 2.0 1.0
-0.488153918537 14777379.7434 5092146.1851 0.989285714286 0.0 2458060.11568 0.0 2.0 0.0
-0.486455628588 14806121.0533 5100537.56355 0.989285714286 0.0 2458060.11775 0.0 2.0 1.0
-0.484757192055 14770610.8467 5089231.67552 0.989285714286 0.0 2458060.11982 0.0 2.0 0.0
-0.483058915849 14800072.0017 5098629.37792 0.989285714286 0.0 2458060.12189 0.0 2.0 1.0
-0.481360493059 14767280.4577 5088510.96313 0.989285714286 0.0 2458060.12397 0.0 2.0 0.0
-0.479662226778 14805375.0654 5100256.7262 0.989285714286 0.0 2458060.12604 0.0 2.0 1.0
-0.477963812004 14774474.4132 5090728.79591 0.989285714286 0.0 2458060.12811 0.0 2.0 0.0
-0.44406318083 14768664.9331 5087647.81565 0.989285714286 0.0 2458060.16946 0.0 3.0 0.0
-0.442364722539 14813178.0628 5102442.84237 0.989285714286 0.0 2458060.17154 0.0 3.0 1.0
-0.440666417321 14786826.4528 5094714.53561 0.989285714286 0.0 2458060.17361 0.0 3.0 0.0
-0.438967963229 14818003.1198 5104475.85295 0.989285714286 0.0 2458060.17568 0.0 3.0 1.0
-0.43726965992 14788139.2015 5095297.28792 0.989285714286 0.0 2458060.17775 0.0 3.0 0.0
-0.435571208881 14825551.5723 5107387.03832 0.989285714286 0.0 2458060.17982 0.0 3.0 1.0
-0.433872918169 14790952.5808 5096285.19837 0.989285714286 0.0 2458060.18189 0.0 3.0 0.0
-0.432174480491 14826794.7091 5107849.09931 0.989285714286 0.0 2458060.18397 0.0 3.0 1.0
-0.430476200086 14790201.5923 5096081.52006 0.989285714286 0.0 2458060.18604 0.0 3.0 0.0
-0.428777772715 14828632.9362 5108114.71949 0.989285714286 0.0 2458060.18811 0.0 3.0 1.0
-0.427079497272 14796906.071 5098587.8177 0.989285714286 0.0 2458060.19018 0.0 3.0 0.0
-0.425381075245 14830762.7826 5109284.2679 0.989285714286 0.0 2458060.19225 0.0 3.0 1.0
-0.423682812017 14799459.4455 5099587.47489 0.989285714286 0.0 2458060.19433 0.0 3.0 0.0
-0.389782041131 14778001.0361 5090894.79921 0.989285714286 0.0 2458060.23568 0.0 4.0 0.0
-0.388083730569 14825704.0426 5106699.04223 0.989285714286 0.0 2458060.23775 0.0 4.0 1.0
-0.386385269987 14798227.9952 5098358.40081 0.989285714286 0.0 2458060.23982 0.0 4.0 0.0
-0.384686967824 14834409.5642 5110111.74114 0.989285714286 0.0 2458060.2419 0.0 4.0 1.0
-0.382988517167 14805703.8704 5101045.89448 0.989285714286 0.0 2458060.24397 0.0 4.0 0.0
-0.381290222256 14841988.7601 5112887.60115 0.989285714286 0.0 2458060.24604 0.0 4.0 1.0
-0.379591779997 14810996.1762 5103160.21443 0.989285714286 0.0 2458060.24811 0.0 4.0 0.0
-0.377893490048 14848826.4832 5115294.20986 0.989285714286 0.0 2458060.25018 0.0 4.0 1.0
-0.376195053897 14811771.1254 5104048.23331 0.989285714286 0.0 2458060.25225 0.0 4.0 0.0
-0.374496778073 14842447.2699 5113044.99001 0.989285714286 0.0 2458060.25433 0.0 4.0 1.0
-0.372798355664 14808369.4807 5102298.12455 0.989285714286 0.0 2458060.2564 0.0 4.0 0.0
-0.371100088619 14840295.5253 5112121.75889 0.989285714286 0.0 2458060.25847 0.0 4.0 1.0
-0.369401674227 14807108.4486 5102010.69597 0.989285714286 0.0 2458060.26054 0.0 4.0 0.0
