#time 		photoelectrons 	error 		visit 	orbit 	scan 	wave_center 	wave_start 	wave_end
0.395048218673 12714181.1294 4406959.13173 0.917857142857 0.0 2458059.9732 0.0 0.0 0.0
0.396746528472 12772410.1877 4427880.76463 0.917857142857 0.0 2458059.97527 0.0 0.0 1.0
0.398444982946 12751771.684 4421395.21753 0.917857142857 0.0 2458059.97734 0.0 0.0 0.0
0.400143282056 12800594.7072 4437606.70424 0.917857142857 0.0 2458059.97942 0.0 0.0 1.0
0.401841728896 12777256.2381 4430235.20894 0.917857142857 0.0 2458059.98149 0.0 0.0 0.0
0.403540023807 12824287.7466 4445923.47712 0.917857142857 0.0 2458059.98356 0.0 0.0 1.0
0.40523846492 12797976.8933 4437431.51504 0.917857142857 0.0 2458059.98563 0.0 0.0 0.0
0.406936745325 12846465.053 4453397.32295 0.917857142857 0.0 2458059.9877 0.0 0.0 1.0
0.408635172696 12816283.2922 4443500.72681 0.917857142857 0.0 2458059.98977 0.0 0.0 0.0
0.410333443177 12855040.2361 4456242.36952 0.917857142857 0.0 2458059.99185 0.0 0.0 1.0
0.412031861387 12828149.7941 4447561.72024 0.917857142857 0.0 2458059.99392 0.0 0.0 0.0
0.413730127668 12863245.0554 4458785.17289 0.917857142857 0.0 2458059.99599 0.0 0.0 1.0
0.447374666124 12801288.8686 4435654.0905 0.917857142857 0.0 2458060.03703 0.0 1.0 0.0
0.449073124797 12849968.983 4453748.02706 0.917857142857 0.0 2458060.0391 0.0 1.0 1.0
0.450771430397 12827493.509 4446964.03685 0.917857142857 0.0 2458060.04118 0.0 1.0 0.0
0.452469885252 12868593.9922 4460694.81788 0.917857142857 0.0 2458060.04325 0.0 1.0 1.0
0.454168184745 12837712.6906 4450685.63216 0.917857142857 0.0 2458060.04532 0.0 1.0 0.0
0.455866636546 12872354.1978 4462035.2953 0.917857142857 0.0 2458060.04739 0.0 1.0 1.0
0.457564931457 12840046.6502 4451696.89503 0.917857142857 0.0 2458060.04946 0.0 1.0 0.0
0.459263369135 12869549.37 4461093.68261 0.917857142857 0.0 2458060.05153 0.0 1.0 1.0
0.460961650304 12835949.4692 4450179.11003 0.917857142857 0.0 2458060.05361 0.0 1.0 0.0
0.462660078057 12873654.4373 4462419.96302 0.917857142857 0.0 2458060.05568 0.0 1.0 1.0
0.464358353118 12835053.2248 4449804.23959 0.917857142857 0.0 2458060.05775 0.0 1.0 0.0
0.466056775909 12866298.4278 4460071.04488 0.917857142857 0.0 2458060.05982 0.0 1.0 1.0
0.467755039136 12829423.0195 4447935.28007 0.917857142857 0.0 2458060.06189 0.0 1.0 0.0
-0.498344183106 12808210.3622 4438123.6039 0.917857142857 0.0 2458060.10325 0.0 2.0 0.0
-0.49664587598 12855607.1037 4455600.25228 0.917857142857 0.0 2458060.10532 0.0 2.0 1.0
-0.494947414635 12826957.7946 4446904.30729 0.917857142857 0.0 2458060.10739 0.0 2.0 0.0
-0.49324910789 12856239.4945 4456142.31756 0.917857142857 0.0 2458060.10946 0.0 2.0 1.0
-0.491550656852 12822435.3142 4445310.74294 0.917857142857 0.0 2458060.11154 0.0 2.0 0.0
-0.489852361177 12856063.2051 4456725.31815 0.917857142857 0.0 2458060.11361 0.0 2.0 1.0
-0.488153918537 12818641.9428 4444253.03814 0.917857142857 0.0 2458060.11568 0.0 2.0 0.0
-0.486455628588 12847063.0833 4453392.73331 0.917857142857 0.0 2458060.11775 0.0 2.0 1.0
-0.484757192055 12808131.5734 4440564.71484 0.917857142857 0.0 2458060.11982 0.0 2.0 0.0
-0.483058915849 12846109.6107 4453254.19049 0.917857142857 0.0 2458060.12189 0.0 2.0 1.0
-0.481360493059 12812398.4807 4442019.78949 0.917857142857 0.0 2458060.12397 0.0 2.0 0.0
-0.479662226778 12848386.4558 4453798.65662 0.917857142857 0.0 2458060.12604 0.0 2.0 1.0
-0.477963812004 12819745.5359 4444445.61844 0.917857142857 0.0 2458060.12811 0.0 2.0 0.0
-0.44406318083 12804811.0482 4436686.45881 0.917857142857 0.0 2458060.16946 0.0 3.0 0.0
-0.442364722539 12852066.3505 4454479.22353 0.917857142857 0.0 2458060.17154 0.0 3.0 1.0
-0.440666417321 12827355.3796 4446778.39251 0.917857142857 0.0 2458060.17361 0.0 3.0 0.0
-0.438967963229 12857123.6376 4456618.85646 0.917857142857 0.0 2458060.17568 0.0 3.0 1.0
-0.43726965992 12829786.6615 4448013.00895 0.917857142857 0.0 2458060.17775 0.0 3.0 0.0
-0.435571208881 12861318.5309 4458058.20254 0.917857142857 0.0 2458060.17982 0.0 3.0 1.0
-0.433872918169 12825722.3875 4446366.94201 0.917857142857 0.0 2458060.18189 0.0 3.0 0.0
-0.432174480491 12857139.3425 4456969.14863 0.917857142857 0.0 2458060.18397 0.0 3.0 1.0
-0.430476200086 12825930.386 4446856.26934 0.917857142857 0.0 2458060.18604 0.0 3.0 0.0
-0.428777772715 12860932.6722 4457919.46877 0.917857142857 0.0 2458060.18811 0.0 3.0 1.0
-0.427079497272 12831683.3844 4448753.97065 0.917857142857 0.0 2458060.19018 0.0 3.0 0.0
-0.425381075245 12867960.6794 4460487.77747 0.917857142857 0.0 2458060.19225 0.0 3.0 1.0
-0.423682812017 12835299.4127 4449915.96161 0.917857142857 0.0 2458060.19433 0.0 3.0 0.0
-0.389782041131 12814131.9929 4439725.27639 0.917857142857 0.0 2458060.23568 0.0 4.0 0.0
-0.388083730569 12860210.1821 4457250.37463 0.917857142857 0.0 2458060.23775 0.0 4.0 1.0
-0.386385269987 12830407.212 4447801.10477 0.917857142857 0.0 2458060.23982 0.0 4.0 0.0
-0.384686967824 12873875.72 4462295.55089 0.917857142857 0.0 2458060.2419 0.0 4.0 1.0
-0.382988517167 12841909.268 4451840.87249 0.917857142857 0.0 2458060.24397 0.0 4.0 0.0
-0.381290222256 12875364.3021 4463046.24905 0.917857142857 0.0 2458060.24604 0.0 4.0 1.0
-0.379591779997 12847566.9238 4453986.7116 0.917857142857 0.0 2458060.24811 0.0 4.0 0.0
-0.377893490048 12881932.5851 4465207.8742 0.917857142857 0.0 2458060.25018 0.0 4.0 1.0
-0.376195053897 12849962.1782 4455043.77742 0.917857142857 0.0 2458060.25225 0.0 4.0 0.0
-0.374496778073 12881386.3279 4465165.76107 0.917857142857 0.0 2458060.25433 0.0 4.0 1.0
-0.372798355664 12845773.8285 4453489.29237 0.917857142857 0.0 2458060.2564 0.0 4.0 0.0
-0.371100088619 12876846.2722 4463528.38234 0.917857142857 0.0 2458060.25847 0.0 4.0 1.0
-0.369401674227 12844492.2179 4453047.80213 0.917857142857 0.0 2458060.26054 0.0 4.0 0.0
