#time 		photoelectrons 	error 		visit 	orbit 	scan 	wave_center 	wave_start 	wave_end
0.395048218673 14404196.577 4977387.9908 1.00357142857 0.0 2458059.9732 0.0 0.0 0.0
0.396746528472 14473599.836 5002847.90017 1.00357142857 0.0 2458059.97527 0.0 0.0 1.0
0.398444982946 14449608.656 4994679.5809 1.00357142857 0.0 2458059.97734 0.0 0.0 0.0
0.400143282056 14503056.9271 5013060.11286 1.00357142857 0.0 2458059.97942 0.0 0.0 1.0
0.401841728896 14480070.684 5005323.74188 1.00357142857 0.0 2458059.98149 0.0 0.0 0.0
0.403540023807 14524731.8774 5020551.16486 1.00357142857 0.0 2458059.98356 0.0 0.0 1.0
0.40523846492 14496042.1186 5010998.53216 1.00357142857 0.0 2458059.98563 0.0 0.0 0.0
0.406936745325 14547000.5212 5028380.50652 1.00357142857 0.0 2458059.9877 0.0 0.0 1.0
0.408635172696 14522759.4698 5020074.77577 1.00357142857 0.0 2458059.98977 0.0 0.0 0.0
0.410333443177 14564271.4729 5034190.24924 1.00357142857 0.0 2458059.99185 0.0 0.0 1.0
0.412031861387 14529674.0891 5022342.96223 1.00357142857 0.0 2458059.99392 0.0 0.0 0.0
0.413730127668 14572877.7537 5037045.26559 1.00357142857 0.0 2458059.99599 0.0 0.0 1.0
0.447374666124 14498633.9389 5008655.51618 1.00357142857 0.0 2458060.03703 0.0 1.0 0.0
0.449073124797 14553702.5551 5029501.72499 1.00357142857 0.0 2458060.0391 0.0 1.0 1.0
0.450771430397 14527873.4174 5021120.87003 1.00357142857 0.0 2458060.04118 0.0 1.0 0.0
0.452469885252 14571853.9107 5036432.56835 1.00357142857 0.0 2458060.04325 0.0 1.0 1.0
0.454168184745 14540444.4398 5025675.54989 1.00357142857 0.0 2458060.04532 0.0 1.0 0.0
0.455866636546 14574522.9133 5037517.01959 1.00357142857 0.0 2458060.04739 0.0 1.0 1.0
0.457564931457 14539013.8251 5025594.66278 1.00357142857 0.0 2458060.04946 0.0 1.0 0.0
0.459263369135 14573860.4473 5037318.00301 1.00357142857 0.0 2458060.05153 0.0 1.0 1.0
0.460961650304 14533283.8415 5023506.40489 1.00357142857 0.0 2458060.05361 0.0 1.0 0.0
0.462660078057 14573607.3213 5037320.24081 1.00357142857 0.0 2458060.05568 0.0 1.0 1.0
0.464358353118 14542673.0238 5026753.33341 1.00357142857 0.0 2458060.05775 0.0 1.0 0.0
0.466056775909 14571748.7239 5036780.4662 1.00357142857 0.0 2458060.05982 0.0 1.0 1.0
0.467755039136 14537369.0313 5024863.95266 1.00357142857 0.0 2458060.06189 0.0 1.0 0.0
-0.498344183106 14501249.4902 5009458.69492 1.00357142857 0.0 2458060.10325 0.0 2.0 0.0
-0.49664587598 14550555.0032 5028577.8351 1.00357142857 0.0 2458060.10532 0.0 2.0 1.0
-0.494947414635 14527198.5725 5021065.41031 1.00357142857 0.0 2458060.10739 0.0 2.0 0.0
-0.49324910789 14559012.9678 5032046.84289 1.00357142857 0.0 2458060.10946 0.0 2.0 1.0
-0.491550656852 14519415.3518 5018550.79219 1.00357142857 0.0 2458060.11154 0.0 2.0 0.0
-0.489852361177 14551822.4274 5029825.45003 1.00357142857 0.0 2458060.11361 0.0 2.0 1.0
-0.488153918537 14516537.6614 5017929.80312 1.00357142857 0.0 2458060.11568 0.0 2.0 0.0
-0.486455628588 14547698.6958 5028365.3042 1.00357142857 0.0 2458060.11775 0.0 2.0 1.0
-0.484757192055 14510022.7424 5015536.38228 1.00357142857 0.0 2458060.11982 0.0 2.0 0.0
-0.483058915849 14545496.0025 5027813.5026 1.00357142857 0.0 2458060.12189 0.0 2.0 1.0
-0.481360493059 14504978.8395 5013872.18569 1.00357142857 0.0 2458060.12397 0.0 2.0 0.0
-0.479662226778 14547677.2764 5028410.23846 1.00357142857 0.0 2458060.12604 0.0 2.0 1.0
-0.477963812004 14514976.3885 5017394.776 1.00357142857 0.0 2458060.12811 0.0 2.0 0.0
-0.44406318083 14500649.7437 5009205.55989 1.00357142857 0.0 2458060.16946 0.0 3.0 0.0
-0.442364722539 14553477.6552 5029620.36694 1.00357142857 0.0 2458060.17154 0.0 3.0 1.0
-0.440666417321 14525590.8508 5020478.80372 1.00357142857 0.0 2458060.17361 0.0 3.0 0.0
-0.438967963229 14565184.463 5034111.54698 1.00357142857 0.0 2458060.17568 0.0 3.0 1.0
-0.43726965992 14530399.8492 5022486.48553 1.00357142857 0.0 2458060.17775 0.0 3.0 0.0
-0.435571208881 14561234.7574 5032897.30238 1.00357142857 0.0 2458060.17982 0.0 3.0 1.0
-0.433872918169 14521802.1201 5019313.12645 1.00357142857 0.0 2458060.18189 0.0 3.0 0.0
-0.432174480491 14565184.4667 5034422.83225 1.00357142857 0.0 2458060.18397 0.0 3.0 1.0
-0.430476200086 14524096.1641 5020553.65274 1.00357142857 0.0 2458060.18604 0.0 3.0 0.0
-0.428777772715 14569699.5316 5035987.6548 1.00357142857 0.0 2458060.18811 0.0 3.0 1.0
-0.427079497272 14540740.8881 5026166.01715 1.00357142857 0.0 2458060.19018 0.0 3.0 0.0
-0.425381075245 14566358.2158 5034789.08734 1.00357142857 0.0 2458060.19225 0.0 3.0 1.0
-0.423682812017 14537081.9675 5024776.52747 1.00357142857 0.0 2458060.19433 0.0 3.0 0.0
-0.389782041131 14511952.5574 5012786.2504 1.00357142857 0.0 2458060.23568 0.0 4.0 0.0
-0.388083730569 14566501.6954 5033792.4568 1.00357142857 0.0 2458060.23775 0.0 4.0 1.0
-0.386385269987 14536425.657 5024082.64248 1.00357142857 0.0 2458060.23982 0.0 4.0 0.0
-0.384686967824 14578981.517 5038718.40262 1.00357142857 0.0 2458060.2419 0.0 4.0 1.0
-0.382988517167 14547348.5228 5028096.55905 1.00357142857 0.0 2458060.24397 0.0 4.0 0.0
-0.381290222256 14581301.7682 5039773.28185 1.00357142857 0.0 2458060.24604 0.0 4.0 1.0
-0.379591779997 14549526.8537 5029020.96069 1.00357142857 0.0 2458060.24811 0.0 4.0 0.0
-0.377893490048 14585553.2341 5041423.46595 1.00357142857 0.0 2458060.25018 0.0 4.0 1.0
-0.376195053897 14548984.3924 5029128.865 1.00357142857 0.0 2458060.25225 0.0 4.0 0.0
-0.374496778073 14583736.9643 5040578.59046 1.00357142857 0.0 2458060.25433 0.0 4.0 1.0
-0.372798355664 14539830.8086 5025815.85156 1.00357142857 0.0 2458060.2564 0.0 4.0 0.0
-0.371100088619 14578255.0809 5038740.28576 1.00357142857 0.0 2458060.25847 0.0 4.0 1.0
-0.369401674227 14544670.4582 5027457.85772 1.00357142857 0.0 2458060.26054 0.0 4.0 0.0
