#time 		photoelectrons 	error 		visit 	orbit 	scan 	wave_center 	wave_start 	wave_end
0.395048218673 12871255.193 4459067.29302 0.932142857143 0.0 2458059.9732 0.0 0.0 0.0
0.396746528472 12934427.8129 4481648.49802 0.932142857143 0.0 2458059.97527 0.0 0.0 1.0
0.398444982946 12915730.3606 4475863.94817 0.932142857143 0.0 2458059.97734 0.0 0.0 0.0
0.400143282056 12957860.8975 4489890.91953 0.932142857143 0.0 2458059.97942 0.0 0.0 1.0
0.401841728896 12936650.9905 4483217.59539 0.932142857143 0.0 2458059.98149 0.0 0.0 0.0
0.403540023807 12984709.5668 4499154.46678 0.932142857143 0.0 2458059.98356 0.0 0.0 1.0
0.40523846492 12958300.561 4490619.03961 0.932142857143 0.0 2458059.98563 0.0 0.0 0.0
0.406936745325 13003343.3972 4505545.76095 0.932142857143 0.0 2458059.9877 0.0 0.0 1.0
0.408635172696 12973704.683 4495812.26092 0.932142857143 0.0 2458059.98977 0.0 0.0 0.0
0.410333443177 13013358.3901 4508822.54765 0.932142857143 0.0 2458059.99185 0.0 0.0 1.0
0.412031861387 12982724.6636 4498895.37995 0.932142857143 0.0 2458059.99392 0.0 0.0 0.0
0.413730127668 13018010.2095 4510418.93369 0.932142857143 0.0 2458059.99599 0.0 0.0 1.0
0.447374666124 12958282.4932 4487940.80985 0.932142857143 0.0 2458060.03703 0.0 1.0 0.0
0.449073124797 13014755.465 4508673.58636 0.932142857143 0.0 2458060.0391 0.0 1.0 1.0
0.450771430397 12980600.8231 4497814.83023 0.932142857143 0.0 2458060.04118 0.0 1.0 0.0
0.452469885252 13023189.0032 4512103.38797 0.932142857143 0.0 2458060.04325 0.0 1.0 1.0
0.454168184745 12988193.8935 4500698.37743 0.932142857143 0.0 2458060.04532 0.0 1.0 0.0
0.455866636546 13027983.7614 4513812.99024 0.932142857143 0.0 2458060.04739 0.0 1.0 1.0
0.457564931457 12992609.8455 4502308.90096 0.932142857143 0.0 2458060.04946 0.0 1.0 0.0
0.459263369135 13026260.6002 4513164.19637 0.932142857143 0.0 2458060.05153 0.0 1.0 1.0
0.460961650304 12994146.7604 4502707.58251 0.932142857143 0.0 2458060.05361 0.0 1.0 0.0
0.462660078057 13023317.0588 4512240.06595 0.932142857143 0.0 2458060.05568 0.0 1.0 1.0
0.464358353118 12986714.7552 4500148.43738 0.932142857143 0.0 2458060.05775 0.0 1.0 0.0
0.466056775909 13024457.8262 4512734.30749 0.932142857143 0.0 2458060.05982 0.0 1.0 1.0
0.467755039136 12984611.3816 4499530.21777 0.932142857143 0.0 2458060.06189 0.0 1.0 0.0
-0.498344183106 12956658.5412 4487272.97791 0.932142857143 0.0 2458060.10325 0.0 2.0 0.0
-0.49664587598 13011262.829 4507480.59682 0.932142857143 0.0 2458060.10532 0.0 2.0 1.0
-0.494947414635 12977506.1394 4496853.5902 0.932142857143 0.0 2458060.10739 0.0 2.0 0.0
-0.49324910789 13014561.8925 4508786.64301 0.932142857143 0.0 2458060.10946 0.0 2.0 1.0
-0.491550656852 12978671.6003 4497303.10926 0.932142857143 0.0 2458060.11154 0.0 2.0 0.0
-0.489852361177 13009501.3479 4507710.58579 0.932142857143 0.0 2458060.11361 0.0 2.0 1.0
-0.488153918537 12971063.2756 4494890.8834 0.932142857143 0.0 2458060.11568 0.0 2.0 0.0
-0.486455628588 12999831.7572 4504193.92945 0.932142857143 0.0 2458060.11775 0.0 2.0 1.0
-0.484757192055 12965593.0648 4492961.7941 0.932142857143 0.0 2458060.11982 0.0 2.0 0.0
-0.483058915849 13001215.5989 4504846.57984 0.932142857143 0.0 2458060.12189 0.0 2.0 1.0
-0.481360493059 12966331.8621 4493300.13902 0.932142857143 0.0 2458060.12397 0.0 2.0 0.0
-0.479662226778 13004566.2815 4505912.8386 0.932142857143 0.0 2458060.12604 0.0 2.0 1.0
-0.477963812004 12981576.09 4498407.04129 0.932142857143 0.0 2458060.12811 0.0 2.0 0.0
-0.44406318083 12960052.8246 4488152.44892 0.932142857143 0.0 2458060.16946 0.0 3.0 0.0
-0.442364722539 13014072.5982 4508399.00292 0.932142857143 0.0 2458060.17154 0.0 3.0 1.0
-0.440666417321 12978284.6336 4496854.52809 0.932142857143 0.0 2458060.17361 0.0 3.0 0.0
-0.438967963229 13013466.106 4508588.62407 0.932142857143 0.0 2458060.17568 0.0 3.0 1.0
-0.43726965992 12979819.176 4497719.13928 0.932142857143 0.0 2458060.17775 0.0 3.0 0.0
-0.435571208881 13020888.4373 4511110.33833 0.932142857143 0.0 2458060.17982 0.0 3.0 1.0
-0.433872918169 12983798.2798 4499049.15322 0.932142857143 0.0 2458060.18189 0.0 3.0 0.0
-0.432174480491 13018249.7329 4510651.49671 0.932142857143 0.0 2458060.18397 0.0 3.0 1.0
-0.430476200086 12986296.3191 4500250.24426 0.932142857143 0.0 2458060.18604 0.0 3.0 0.0
-0.428777772715 13018368.8906 4510368.14352 0.932142857143 0.0 2458060.18811 0.0 3.0 1.0
-0.427079497272 12988156.6919 4500802.07079 0.932142857143 0.0 2458060.19018 0.0 3.0 0.0
-0.425381075245 13023503.2387 4512282.61032 0.932142857143 0.0 2458060.19225 0.0 3.0 1.0
-0.423682812017 12993693.2977 4502559.09945 0.932142857143 0.0 2458060.19433 0.0 3.0 0.0
-0.389782041131 12966895.4437 4490362.20891 0.932142857143 0.0 2458060.23568 0.0 4.0 0.0
-0.388083730569 13022342.0613 4511155.78661 0.932142857143 0.0 2458060.23775 0.0 4.0 1.0
-0.386385269987 12988775.4381 4500385.52219 0.932142857143 0.0 2458060.23982 0.0 4.0 0.0
-0.384686967824 13029588.7182 4514121.05973 0.932142857143 0.0 2458060.2419 0.0 4.0 1.0
-0.382988517167 13001373.3619 4504926.69166 0.932142857143 0.0 2458060.24397 0.0 4.0 0.0
-0.381290222256 13035603.5945 4516453.23349 0.932142857143 0.0 2458060.24604 0.0 4.0 1.0
-0.379591779997 13001431.1855 4505148.17098 0.932142857143 0.0 2458060.24811 0.0 4.0 0.0
-0.377893490048 13036112.1138 4516563.69236 0.932142857143 0.0 2458060.25018 0.0 4.0 1.0
-0.376195053897 13004561.665 4506301.74116 0.932142857143 0.0 2458060.25225 0.0 4.0 0.0
-0.374496778073 13033225.0351 4515597.16036 0.932142857143 0.0 2458060.25433 0.0 4.0 1.0
-0.372798355664 12999595.2863 4504559.4203 0.932142857143 0.0 2458060.2564 0.0 4.0 0.0
-0.371100088619 13033834.1513 4515799.36757 0.932142857143 0.0 2458060.25847 0.0 4.0 1.0
-0.369401674227 12995756.2516 4503372.49496 0.932142857143 0.0 2458060.26054 0.0 4.0 0.0
