#time 		photoelectrons 	error 		visit 	orbit 	scan 	wave_center 	wave_start 	wave_end
0.395048218673 4700838.94137 1677962.70378 0.803571428571 0.0 2458059.9732 0.0 0.0 0.0
0.396746528472 4724130.168 1686640.66635 0.803571428571 0.0 2458059.97527 0.0 0.0 1.0
0.398444982946 4714482.36403 1683036.41904 0.803571428571 0.0 2458059.97734 0.0 0.0 0.0
0.400143282056 4736306.04006 1690766.09731 0.803571428571 0.0 2458059.97942 0.0 0.0 1.0
0.401841728896 4725240.74715 1686587.23798 0.803571428571 0.0 2458059.98149 0.0 0.0 0.0
0.403540023807 4743855.88489 1693481.1655 0.803571428571 0.0 2458059.98356 0.0 0.0 1.0
0.40523846492 4734244.08444 1689999.00836 0.803571428571 0.0 2458059.98563 0.0 0.0 0.0
0.406936745325 4754444.82364 1697168.80426 0.803571428571 0.0 2458059.9877 0.0 0.0 1.0
0.408635172696 4739830.09498 1691764.76466 0.803571428571 0.0 2458059.98977 0.0 0.0 0.0
0.410333443177 4762093.90867 1699486.57229 0.803571428571 0.0 2458059.99185 0.0 0.0 1.0
0.412031861387 4748282.21833 1694513.02425 0.803571428571 0.0 2458059.99392 0.0 0.0 0.0
0.413730127668 4763703.5317 1699859.02292 0.803571428571 0.0 2458059.99599 0.0 0.0 1.0
0.447374666124 4737543.46733 1690116.02166 0.803571428571 0.0 2458060.03703 0.0 1.0 0.0
0.449073124797 4757010.72231 1697615.02153 0.803571428571 0.0 2458060.0391 0.0 1.0 1.0
0.450771430397 4747375.77974 1694036.06599 0.803571428571 0.0 2458060.04118 0.0 1.0 0.0
0.452469885252 4763033.93506 1699691.90876 0.803571428571 0.0 2458060.04325 0.0 1.0 1.0
0.454168184745 4750190.26436 1695381.09089 0.803571428571 0.0 2458060.04532 0.0 1.0 0.0
0.455866636546 4768046.05137 1701361.28854 0.803571428571 0.0 2458060.04739 0.0 1.0 1.0
0.457564931457 4751137.3497 1695431.78366 0.803571428571 0.0 2458060.04946 0.0 1.0 0.0
0.459263369135 4766832.46468 1701102.10151 0.803571428571 0.0 2458060.05153 0.0 1.0 1.0
0.460961650304 4756171.09248 1697026.8638 0.803571428571 0.0 2458060.05361 0.0 1.0 0.0
0.462660078057 4770129.31408 1701875.70789 0.803571428571 0.0 2458060.05568 0.0 1.0 1.0
0.464358353118 4755617.78206 1696909.95909 0.803571428571 0.0 2458060.05775 0.0 1.0 0.0
0.466056775909 4767954.49443 1701183.34066 0.803571428571 0.0 2458060.05982 0.0 1.0 1.0
0.467755039136 4755325.36705 1696870.33377 0.803571428571 0.0 2458060.06189 0.0 1.0 0.0
-0.498344183106 4738869.38566 1690692.40562 0.803571428571 0.0 2458060.10325 0.0 2.0 0.0
-0.49664587598 4760125.77345 1698551.3617 0.803571428571 0.0 2458060.10532 0.0 2.0 1.0
-0.494947414635 4750131.94027 1695245.98926 0.803571428571 0.0 2458060.10739 0.0 2.0 0.0
-0.49324910789 4765920.40848 1700515.68993 0.803571428571 0.0 2458060.10946 0.0 2.0 1.0
-0.491550656852 4748921.61717 1694855.55611 0.803571428571 0.0 2458060.11154 0.0 2.0 0.0
-0.489852361177 4762618.44263 1699421.8429 0.803571428571 0.0 2458060.11361 0.0 2.0 1.0
-0.488153918537 4750061.77064 1695085.47493 0.803571428571 0.0 2458060.11568 0.0 2.0 0.0
-0.486455628588 4762693.37172 1699638.37009 0.803571428571 0.0 2458060.11775 0.0 2.0 1.0
-0.484757192055 4745624.1955 1693345.90984 0.803571428571 0.0 2458060.11982 0.0 2.0 0.0
-0.483058915849 4760264.45925 1698699.25067 0.803571428571 0.0 2458060.12189 0.0 2.0 1.0
-0.481360493059 4746722.44968 1693619.71703 0.803571428571 0.0 2458060.12397 0.0 2.0 0.0
-0.479662226778 4765354.3593 1700422.6902 0.803571428571 0.0 2458060.12604 0.0 2.0 1.0
-0.477963812004 4751654.40483 1695393.55005 0.803571428571 0.0 2458060.12811 0.0 2.0 0.0
-0.44406318083 4743069.35629 1691914.02718 0.803571428571 0.0 2458060.16946 0.0 3.0 0.0
-0.442364722539 4764501.00705 1700296.39818 0.803571428571 0.0 2458060.17154 0.0 3.0 1.0
-0.440666417321 4749384.67383 1694834.92966 0.803571428571 0.0 2458060.17361 0.0 3.0 0.0
-0.438967963229 4764219.86406 1699925.31308 0.803571428571 0.0 2458060.17568 0.0 3.0 1.0
-0.43726965992 4752031.90068 1695744.48759 0.803571428571 0.0 2458060.17775 0.0 3.0 0.0
-0.435571208881 4766954.38509 1700866.55048 0.803571428571 0.0 2458060.17982 0.0 3.0 1.0
-0.433872918169 4750956.91674 1695131.75787 0.803571428571 0.0 2458060.18189 0.0 3.0 0.0
-0.432174480491 4766940.48346 1701198.92802 0.803571428571 0.0 2458060.18397 0.0 3.0 1.0
-0.430476200086 4756075.08539 1697005.86216 0.803571428571 0.0 2458060.18604 0.0 3.0 0.0
-0.428777772715 4766018.74945 1700491.42196 0.803571428571 0.0 2458060.18811 0.0 3.0 1.0
-0.427079497272 4756534.24536 1697131.78392 0.803571428571 0.0 2458060.19018 0.0 3.0 0.0
-0.425381075245 4769658.27762 1701752.09473 0.803571428571 0.0 2458060.19225 0.0 3.0 1.0
-0.423682812017 4756879.04315 1697304.62169 0.803571428571 0.0 2458060.19433 0.0 3.0 0.0
-0.389782041131 4746687.41293 1692831.89576 0.803571428571 0.0 2458060.23568 0.0 4.0 0.0
-0.388083730569 4766151.47559 1700412.94273 0.803571428571 0.0 2458060.23775 0.0 4.0 1.0
-0.386385269987 4753543.97186 1696077.48799 0.803571428571 0.0 2458060.23982 0.0 4.0 0.0
-0.384686967824 4771277.06911 1702336.22291 0.803571428571 0.0 2458060.2419 0.0 4.0 1.0
-0.382988517167 4759242.6208 1698225.07631 0.803571428571 0.0 2458060.24397 0.0 4.0 0.0
-0.381290222256 4775846.96557 1703942.94385 0.803571428571 0.0 2458060.24604 0.0 4.0 1.0
-0.379591779997 4759747.63201 1698300.45093 0.803571428571 0.0 2458060.24811 0.0 4.0 0.0
-0.377893490048 4776904.81106 1704428.50913 0.803571428571 0.0 2458060.25018 0.0 4.0 1.0
-0.376195053897 4764172.14708 1699987.44919 0.803571428571 0.0 2458060.25225 0.0 4.0 0.0
-0.374496778073 4774976.24439 1703431.18746 0.803571428571 0.0 2458060.25433 0.0 4.0 1.0
-0.372798355664 4762434.924 1698992.41097 0.803571428571 0.0 2458060.2564 0.0 4.0 0.0
-0.371100088619 4776609.95113 1704207.07748 0.803571428571 0.0 2458060.25847 0.0 4.0 1.0
-0.369401674227 4762180.14698 1699186.59877 0.803571428571 0.0 2458060.26054 0.0 4.0 0.0
