#time 		photoelectrons 	error 		visit 	orbit 	scan 	wave_center 	wave_start 	wave_end
0.395048218673 9082515.88613 3171789.31668 1.14642857143 0.0 2458059.9732 0.0 0.0 0.0
0.396746528472 9132670.28753 3189925.02583 1.14642857143 0.0 2458059.97527 0.0 0.0 1.0
0.398444982946 9112111.8123 3182539.82091 1.14642857143 0.0 2458059.97734 0.0 0.0 0.0
0.400143282056 9151895.08138 3196375.53207 1.14642857143 0.0 2458059.97942 0.0 0.0 1.0
0.401841728896 9127021.95999 3187565.67662 1.14642857143 0.0 2458059.98149 0.0 0.0 0.0
0.403540023807 9166157.56869 3201610.46845 1.14642857143 0.0 2458059.98356 0.0 0.0 1.0
0.40523846492 9136810.52795 3191297.93186 1.14642857143 0.0 2458059.98563 0.0 0.0 0.0
0.406936745325 9175974.58798 3204976.77016 1.14642857143 0.0 2458059.9877 0.0 0.0 1.0
0.408635172696 9152400.52942 3196073.65558 1.14642857143 0.0 2458059.98977 0.0 0.0 0.0
0.410333443177 9189785.44071 3209561.22182 1.14642857143 0.0 2458059.99185 0.0 0.0 1.0
0.412031861387 9161209.5523 3199083.79457 1.14642857143 0.0 2458059.99392 0.0 0.0 0.0
0.413730127668 9193367.62281 3210638.98025 1.14642857143 0.0 2458059.99599 0.0 0.0 1.0
0.447374666124 9143618.48224 3191620.67152 1.14642857143 0.0 2458060.03703 0.0 1.0 0.0
0.449073124797 9192907.08385 3209312.48214 1.14642857143 0.0 2458060.0391 0.0 1.0 1.0
0.450771430397 9166227.38469 3200712.09645 1.14642857143 0.0 2458060.04118 0.0 1.0 0.0
0.452469885252 9192380.52602 3209949.12082 1.14642857143 0.0 2458060.04325 0.0 1.0 1.0
0.454168184745 9175794.80641 3204265.68955 1.14642857143 0.0 2458060.04532 0.0 1.0 0.0
0.455866636546 9202412.39615 3213614.89745 1.14642857143 0.0 2458060.04739 0.0 1.0 1.0
0.457564931457 9169568.73747 3202071.4946 1.14642857143 0.0 2458060.04946 0.0 1.0 0.0
0.459263369135 9198949.57111 3212496.43363 1.14642857143 0.0 2458060.05153 0.0 1.0 1.0
0.460961650304 9166419.27794 3201187.30931 1.14642857143 0.0 2458060.05361 0.0 1.0 0.0
0.462660078057 9197594.20174 3211892.84652 1.14642857143 0.0 2458060.05568 0.0 1.0 1.0
0.464358353118 9170152.68938 3202225.41087 1.14642857143 0.0 2458060.05775 0.0 1.0 0.0
0.466056775909 9194914.23575 3211125.81997 1.14642857143 0.0 2458060.05982 0.0 1.0 1.0
0.467755039136 9158568.14752 3198085.25298 1.14642857143 0.0 2458060.06189 0.0 1.0 0.0
-0.498344183106 9151776.21022 3194227.06096 1.14642857143 0.0 2458060.10325 0.0 2.0 0.0
-0.49664587598 9188075.24948 3207901.71117 1.14642857143 0.0 2458060.10532 0.0 2.0 1.0
-0.494947414635 9165489.59387 3200674.2377 1.14642857143 0.0 2458060.10739 0.0 2.0 0.0
-0.49324910789 9192058.86814 3209756.49908 1.14642857143 0.0 2458060.10946 0.0 2.0 1.0
-0.491550656852 9160626.43995 3198865.14697 1.14642857143 0.0 2458060.11154 0.0 2.0 0.0
-0.489852361177 9186543.29219 3208091.87774 1.14642857143 0.0 2458060.11361 0.0 2.0 1.0
-0.488153918537 9159879.63453 3198704.63934 1.14642857143 0.0 2458060.11568 0.0 2.0 0.0
-0.486455628588 9184528.90841 3207600.7452 1.14642857143 0.0 2458060.11775 0.0 2.0 1.0
-0.484757192055 9152030.27297 3195789.73122 1.14642857143 0.0 2458060.11982 0.0 2.0 0.0
-0.483058915849 9176569.18633 3204828.89743 1.14642857143 0.0 2458060.12189 0.0 2.0 1.0
-0.481360493059 9152157.15813 3195663.23021 1.14642857143 0.0 2458060.12397 0.0 2.0 0.0
-0.479662226778 9183223.79826 3207441.53565 1.14642857143 0.0 2458060.12604 0.0 2.0 1.0
-0.477963812004 9147733.96878 3194326.20172 1.14642857143 0.0 2458060.12811 0.0 2.0 0.0
-0.44406318083 9152333.54157 3194501.9112 1.14642857143 0.0 2458060.16946 0.0 3.0 0.0
-0.442364722539 9193381.66402 3210056.7838 1.14642857143 0.0 2458060.17154 0.0 3.0 1.0
-0.440666417321 9170215.68581 3202129.04011 1.14642857143 0.0 2458060.17361 0.0 3.0 0.0
-0.438967963229 9191563.73266 3209354.52594 1.14642857143 0.0 2458060.17568 0.0 3.0 1.0
-0.43726965992 9163578.55015 3199875.62336 1.14642857143 0.0 2458060.17775 0.0 3.0 0.0
-0.435571208881 9195632.84694 3211160.86803 1.14642857143 0.0 2458060.17982 0.0 3.0 1.0
-0.433872918169 9155755.85094 3197089.17109 1.14642857143 0.0 2458060.18189 0.0 3.0 0.0
-0.432174480491 9189347.89397 3209559.73522 1.14642857143 0.0 2458060.18397 0.0 3.0 1.0
-0.430476200086 9160940.82316 3199110.26945 1.14642857143 0.0 2458060.18604 0.0 3.0 0.0
-0.428777772715 9191515.42426 3209921.54721 1.14642857143 0.0 2458060.18811 0.0 3.0 1.0
-0.427079497272 9167201.15146 3201101.22055 1.14642857143 0.0 2458060.19018 0.0 3.0 0.0
-0.425381075245 9185184.74931 3207823.87181 1.14642857143 0.0 2458060.19225 0.0 3.0 1.0
-0.423682812017 9162372.81923 3199174.34604 1.14642857143 0.0 2458060.19433 0.0 3.0 0.0
-0.389782041131 9158403.3461 3196333.12592 1.14642857143 0.0 2458060.23568 0.0 4.0 0.0
-0.388083730569 9191842.32285 3209218.21669 1.14642857143 0.0 2458060.23775 0.0 4.0 1.0
-0.386385269987 9172765.86776 3202916.78421 1.14642857143 0.0 2458060.23982 0.0 4.0 0.0
-0.384686967824 9199848.8093 3212462.28578 1.14642857143 0.0 2458060.2419 0.0 4.0 1.0
-0.382988517167 9175143.14655 3203892.90126 1.14642857143 0.0 2458060.24397 0.0 4.0 0.0
-0.381290222256 9206822.11233 3215216.43896 1.14642857143 0.0 2458060.24604 0.0 4.0 1.0
-0.379591779997 9176575.32226 3204350.96664 1.14642857143 0.0 2458060.24811 0.0 4.0 0.0
-0.377893490048 9204287.04583 3214329.53659 1.14642857143 0.0 2458060.25018 0.0 4.0 1.0
-0.376195053897 9175850.1108 3204196.47447 1.14642857143 0.0 2458060.25225 0.0 4.0 0.0
-0.374496778073 9196305.75474 3211560.5565 1.14642857143 0.0 2458060.25433 0.0 4.0 1.0
-0.372798355664 9165762.49321 3200439.84358 1.14642857143 0.0 2458060.2564 0.0 4.0 0.0
-0.371100088619 9197167.62761 3211699.43402 1.14642857143 0.0 2458060.25847 0.0 4.0 1.0
-0.369401674227 9166691.78553 3200896.01244 1.14642857143 0.0 2458060.26054 0.0 4.0 0.0
