#time 		photoelectrons 	error 		visit 	orbit 	scan 	wave_center 	wave_start 	wave_end
0.395048218673 8832777.86054 3086565.75479 0.853571428571 0.0 2458059.9732 0.0 0.0 0.0
0.396746528472 8878833.69298 3103211.36889 0.853571428571 0.0 2458059.97527 0.0 0.0 1.0
0.398444982946 8861314.40435 3097161.82218 0.853571428571 0.0 2458059.97734 0.0 0.0 0.0
0.400143282056 8894251.74874 3108453.1855 0.853571428571 0.0 2458059.97942 0.0 0.0 1.0
0.401841728896 8874902.3678 3101869.12773 0.853571428571 0.0 2458059.98149 0.0 0.0 0.0
0.403540023807 8911048.72297 3114080.19622 0.853571428571 0.0 2458059.98356 0.0 0.0 1.0
0.40523846492 8896533.72838 3109281.57468 0.853571428571 0.0 2458059.98563 0.0 0.0 0.0
0.406936745325 8924201.94074 3118882.55638 0.853571428571 0.0 2458059.9877 0.0 0.0 1.0
0.408635172696 8906905.32259 3112884.92686 0.853571428571 0.0 2458059.98977 0.0 0.0 0.0
0.410333443177 8935313.38265 3122300.84666 0.853571428571 0.0 2458059.99185 0.0 0.0 1.0
0.412031861387 8914038.17121 3115215.75449 0.853571428571 0.0 2458059.99392 0.0 0.0 0.0
0.413730127668 8935544.72464 3122377.00025 0.853571428571 0.0 2458059.99599 0.0 0.0 1.0
0.447374666124 8897015.39045 3107737.8848 0.853571428571 0.0 2458060.03703 0.0 1.0 0.0
0.449073124797 8927651.23484 3119226.31547 0.853571428571 0.0 2458060.0391 0.0 1.0 1.0
0.450771430397 8914280.73171 3114665.69705 0.853571428571 0.0 2458060.04118 0.0 1.0 0.0
0.452469885252 8937763.48914 3122906.68692 0.853571428571 0.0 2458060.04325 0.0 1.0 1.0
0.454168184745 8919365.42405 3116799.06701 0.853571428571 0.0 2458060.04532 0.0 1.0 0.0
0.455866636546 8942718.68501 3124667.57432 0.853571428571 0.0 2458060.04739 0.0 1.0 1.0
0.457564931457 8922520.93965 3118104.00362 0.853571428571 0.0 2458060.04946 0.0 1.0 0.0
0.459263369135 8945458.00034 3125536.67381 0.853571428571 0.0 2458060.05153 0.0 1.0 1.0
0.460961650304 8924026.97731 3118383.56495 0.853571428571 0.0 2458060.05361 0.0 1.0 0.0
0.462660078057 8945966.45786 3125867.08516 0.853571428571 0.0 2458060.05568 0.0 1.0 1.0
0.464358353118 8920233.67676 3117034.37399 0.853571428571 0.0 2458060.05775 0.0 1.0 0.0
0.466056775909 8946368.22886 3125923.9042 0.853571428571 0.0 2458060.05982 0.0 1.0 1.0
0.467755039136 8921764.93739 3117564.67078 0.853571428571 0.0 2458060.06189 0.0 1.0 0.0
-0.498344183106 8901199.15068 3109058.51427 0.853571428571 0.0 2458060.10325 0.0 2.0 0.0
-0.49664587598 8934577.71495 3121637.8992 0.853571428571 0.0 2458060.10532 0.0 2.0 1.0
-0.494947414635 8917834.4162 3116205.11601 0.853571428571 0.0 2458060.10739 0.0 2.0 0.0
-0.49324910789 8934733.79562 3121618.37658 0.853571428571 0.0 2458060.10946 0.0 2.0 1.0
-0.491550656852 8915045.3373 3115116.42617 0.853571428571 0.0 2458060.11154 0.0 2.0 0.0
-0.489852361177 8933839.9938 3121629.04902 0.853571428571 0.0 2458060.11361 0.0 2.0 1.0
-0.488153918537 8913024.81767 3114923.74343 0.853571428571 0.0 2458060.11568 0.0 2.0 0.0
-0.486455628588 8927160.99822 3119404.72438 0.853571428571 0.0 2458060.11775 0.0 2.0 1.0
-0.484757192055 8906164.09576 3112219.07191 0.853571428571 0.0 2458060.11982 0.0 2.0 0.0
-0.483058915849 8926842.18989 3119246.39861 0.853571428571 0.0 2458060.12189 0.0 2.0 1.0
-0.481360493059 8909761.10711 3113417.83444 0.853571428571 0.0 2458060.12397 0.0 2.0 0.0
-0.479662226778 8928365.16712 3119801.58287 0.853571428571 0.0 2458060.12604 0.0 2.0 1.0
-0.477963812004 8913896.41158 3114802.61918 0.853571428571 0.0 2458060.12811 0.0 2.0 0.0
-0.44406318083 8903190.18855 3109498.37116 0.853571428571 0.0 2458060.16946 0.0 3.0 0.0
-0.442364722539 8933986.5502 3121430.83373 0.853571428571 0.0 2458060.17154 0.0 3.0 1.0
-0.440666417321 8915343.11123 3115325.16279 0.853571428571 0.0 2458060.17361 0.0 3.0 0.0
-0.438967963229 8937228.77483 3122512.91505 0.853571428571 0.0 2458060.17568 0.0 3.0 1.0
-0.43726965992 8917088.97752 3115861.727 0.853571428571 0.0 2458060.17775 0.0 3.0 0.0
-0.435571208881 8939478.58427 3123388.33684 0.853571428571 0.0 2458060.17982 0.0 3.0 1.0
-0.433872918169 8919031.92234 3116330.50651 0.853571428571 0.0 2458060.18189 0.0 3.0 0.0
-0.432174480491 8938791.94375 3123191.08346 0.853571428571 0.0 2458060.18397 0.0 3.0 1.0
-0.430476200086 8921247.02373 3117494.35459 0.853571428571 0.0 2458060.18604 0.0 3.0 0.0
-0.428777772715 8939598.38974 3123350.96115 0.853571428571 0.0 2458060.18811 0.0 3.0 1.0
-0.427079497272 8923211.97099 3118077.53797 0.853571428571 0.0 2458060.19018 0.0 3.0 0.0
-0.425381075245 8941864.11441 3124323.18574 0.853571428571 0.0 2458060.19225 0.0 3.0 1.0
-0.423682812017 8921795.06821 3117537.50597 0.853571428571 0.0 2458060.19433 0.0 3.0 0.0
-0.389782041131 8911893.20976 3112291.33059 0.853571428571 0.0 2458060.23568 0.0 4.0 0.0
-0.388083730569 8940760.78841 3123430.93234 0.853571428571 0.0 2458060.23775 0.0 4.0 1.0
-0.386385269987 8927664.57823 3119369.40686 0.853571428571 0.0 2458060.23982 0.0 4.0 0.0
-0.384686967824 8948079.5015 3126150.9246 0.853571428571 0.0 2458060.2419 0.0 4.0 1.0
-0.382988517167 8930130.50568 3120353.42308 0.853571428571 0.0 2458060.24397 0.0 4.0 0.0
-0.381290222256 8953312.1557 3128238.63308 0.853571428571 0.0 2458060.24604 0.0 4.0 1.0
-0.379591779997 8931862.25201 3120996.99075 0.853571428571 0.0 2458060.24811 0.0 4.0 0.0
-0.377893490048 8951985.57141 3127743.74169 0.853571428571 0.0 2458060.25018 0.0 4.0 1.0
-0.376195053897 8933060.15655 3121632.65475 0.853571428571 0.0 2458060.25225 0.0 4.0 0.0
-0.374496778073 8952459.54823 3127807.43506 0.853571428571 0.0 2458060.25433 0.0 4.0 1.0
-0.372798355664 8931966.40038 3120973.59148 0.853571428571 0.0 2458060.2564 0.0 4.0 0.0
-0.371100088619 8952459.62747 3127920.33454 0.853571428571 0.0 2458060.25847 0.0 4.0 1.0
-0.369401674227 8929123.70639 3120049.48075 0.853571428571 0.0 2458060.26054 0.0 4.0 0.0
