#time 		photoelectrons 	error 		visit 	orbit 	scan 	wave_center 	wave_start 	wave_end
0.395048218673 14303566.396 4942552.53876 1.06071428571 0.0 2458059.9732 0.0 0.0 0.0
0.396746528472 14386438.3305 4972706.38797 1.06071428571 0.0 2458059.97527 0.0 0.0 1.0
0.398444982946 14349301.697 4960086.72743 1.06071428571 0.0 2458059.97734 0.0 0.0 0.0
0.400143282056 14412842.7291 4981972.90478 1.06071428571 0.0 2458059.97942 0.0 0.0 1.0
0.401841728896 14376640.5961 4969623.39829 1.06071428571 0.0 2458059.98149 0.0 0.0 0.0
0.403540023807 14436795.0922 4990355.7421 1.06071428571 0.0 2458059.98356 0.0 0.0 1.0
0.40523846492 14403579.5783 4978875.44947 1.06071428571 0.0 2458059.98563 0.0 0.0 0.0
0.406936745325 14458973.0874 4998116.8577 1.06071428571 0.0 2458059.9877 0.0 0.0 1.0
0.408635172696 14420432.0699 4984642.80322 1.06071428571 0.0 2458059.98977 0.0 0.0 0.0
0.410333443177 14471772.2673 5002380.45276 1.06071428571 0.0 2458059.99185 0.0 0.0 1.0
0.412031861387 14437070.4799 4990302.0652 1.06071428571 0.0 2458059.99392 0.0 0.0 0.0
0.413730127668 14482209.0592 5005723.30619 1.06071428571 0.0 2458059.99599 0.0 0.0 1.0
0.447374666124 14402849.164 4975761.70573 1.06071428571 0.0 2458060.03703 0.0 1.0 0.0
0.449073124797 14468838.9329 5000618.97634 1.06071428571 0.0 2458060.0391 0.0 1.0 1.0
0.450771430397 14429286.2367 4987086.05082 1.06071428571 0.0 2458060.04118 0.0 1.0 0.0
0.452469885252 14483843.6811 5006168.48026 1.06071428571 0.0 2458060.04325 0.0 1.0 1.0
0.454168184745 14440699.5856 4991308.14811 1.06071428571 0.0 2458060.04532 0.0 1.0 0.0
0.455866636546 14490466.6514 5008331.41975 1.06071428571 0.0 2458060.04739 0.0 1.0 1.0
0.457564931457 14439954.8743 4991267.66046 1.06071428571 0.0 2458060.04946 0.0 1.0 0.0
0.459263369135 14485597.538 5007017.81571 1.06071428571 0.0 2458060.05153 0.0 1.0 1.0
0.460961650304 14445462.1269 4993015.09492 1.06071428571 0.0 2458060.05361 0.0 1.0 0.0
0.462660078057 14485550.814 5007010.51727 1.06071428571 0.0 2458060.05568 0.0 1.0 1.0
0.464358353118 14440632.3799 4991607.93634 1.06071428571 0.0 2458060.05775 0.0 1.0 0.0
0.466056775909 14484490.5587 5006600.29486 1.06071428571 0.0 2458060.05982 0.0 1.0 1.0
0.467755039136 14434741.6281 4989508.41489 1.06071428571 0.0 2458060.06189 0.0 1.0 0.0
-0.498344183106 14401817.466 4975238.18064 1.06071428571 0.0 2458060.10325 0.0 2.0 0.0
-0.49664587598 14464039.7788 4999023.33799 1.06071428571 0.0 2458060.10532 0.0 2.0 1.0
-0.494947414635 14425045.5156 4985860.50507 1.06071428571 0.0 2458060.10739 0.0 2.0 0.0
-0.49324910789 14469080.1313 5001003.44938 1.06071428571 0.0 2458060.10946 0.0 2.0 1.0
-0.491550656852 14425644.8173 4986170.59701 1.06071428571 0.0 2458060.11154 0.0 2.0 0.0
-0.489852361177 14464882.871 5000049.03573 1.06071428571 0.0 2458060.11361 0.0 2.0 1.0
-0.488153918537 14413833.7385 4982475.1997 1.06071428571 0.0 2458060.11568 0.0 2.0 0.0
-0.486455628588 14458910.425 4997868.85945 1.06071428571 0.0 2458060.11775 0.0 2.0 1.0
-0.484757192055 14412001.0626 4981668.79844 1.06071428571 0.0 2458060.11982 0.0 2.0 0.0
-0.483058915849 14451497.2853 4995489.22991 1.06071428571 0.0 2458060.12189 0.0 2.0 1.0
-0.481360493059 14409348.2501 4980762.18538 1.06071428571 0.0 2458060.12397 0.0 2.0 0.0
-0.479662226778 14462779.9106 4999346.73893 1.06071428571 0.0 2458060.12604 0.0 2.0 1.0
-0.477963812004 14420705.0594 4984746.25575 1.06071428571 0.0 2458060.12811 0.0 2.0 0.0
-0.44406318083 14406848.1785 4976862.82144 1.06071428571 0.0 2458060.16946 0.0 3.0 0.0
-0.442364722539 14465549.2523 4999508.18221 1.06071428571 0.0 2458060.17154 0.0 3.0 1.0
-0.440666417321 14427251.5321 4986518.50784 1.06071428571 0.0 2458060.17361 0.0 3.0 0.0
-0.438967963229 14467439.668 5000475.9559 1.06071428571 0.0 2458060.17568 0.0 3.0 1.0
-0.43726965992 14429704.4279 4987646.77127 1.06071428571 0.0 2458060.17775 0.0 3.0 0.0
-0.435571208881 14476292.378 5003658.70989 1.06071428571 0.0 2458060.17982 0.0 3.0 1.0
-0.433872918169 14430131.5778 4987620.3081 1.06071428571 0.0 2458060.18189 0.0 3.0 0.0
-0.432174480491 14470580.0768 5001858.86699 1.06071428571 0.0 2458060.18397 0.0 3.0 1.0
-0.430476200086 14429467.6055 4987706.51857 1.06071428571 0.0 2458060.18604 0.0 3.0 0.0
-0.428777772715 14477253.3044 5004085.77253 1.06071428571 0.0 2458060.18811 0.0 3.0 1.0
-0.427079497272 14439773.6856 4991271.00567 1.06071428571 0.0 2458060.19018 0.0 3.0 0.0
-0.425381075245 14480655.8911 5005396.72087 1.06071428571 0.0 2458060.19225 0.0 3.0 1.0
-0.423682812017 14443047.8238 4992210.33267 1.06071428571 0.0 2458060.19433 0.0 3.0 0.0
-0.389782041131 14418048.6601 4980464.65323 1.06071428571 0.0 2458060.23568 0.0 4.0 0.0
-0.388083730569 14476577.8718 5003103.80773 1.06071428571 0.0 2458060.23775 0.0 4.0 1.0
-0.386385269987 14438350.8245 4990253.51218 1.06071428571 0.0 2458060.23982 0.0 4.0 0.0
-0.384686967824 14487953.0992 5007538.49138 1.06071428571 0.0 2458060.2419 0.0 4.0 1.0
-0.382988517167 14446775.0673 4993302.69717 1.06071428571 0.0 2458060.24397 0.0 4.0 0.0
-0.381290222256 14492629.7726 5009359.46526 1.06071428571 0.0 2458060.24604 0.0 4.0 1.0
-0.379591779997 14453533.8197 4995761.33511 1.06071428571 0.0 2458060.24811 0.0 4.0 0.0
-0.377893490048 14499478.4163 5011667.40376 1.06071428571 0.0 2458060.25018 0.0 4.0 1.0
-0.376195053897 14457455.1044 4997208.47933 1.06071428571 0.0 2458060.25225 0.0 4.0 0.0
-0.374496778073 14494714.0628 5010046.64069 1.06071428571 0.0 2458060.25433 0.0 4.0 1.0
-0.372798355664 14446143.7192 4993186.92473 1.06071428571 0.0 2458060.2564 0.0 4.0 0.0
-0.371100088619 14490194.5711 5008495.12676 1.06071428571 0.0 2458060.25847 0.0 4.0 1.0
-0.369401674227 14446202.3924 4993258.50422 1.06071428571 0.0 2458060.26054 0.0 4.0 0.0
