#time 		photoelectrons 	error 		visit 	orbit 	scan 	wave_center 	wave_start 	wave_end
0.395048218673 11897584.5425 4115528.16788 0.903571428571 0.0 2458059.9732 0.0 0.0 0.0
0.396746528472 11946006.7338 4131730.18938 0.903571428571 0.0 2458059.97527 0.0 0.0 1.0
0.398444982946 11929959.0597 4126780.17046 0.903571428571 0.0 2458059.97734 0.0 0.0 0.0
0.400143282056 11976343.6778 4141907.61807 0.903571428571 0.0 2458059.97942 0.0 0.0 1.0
0.401841728896 11954282.7367 4135376.27193 0.903571428571 0.0 2458059.98149 0.0 0.0 0.0
0.403540023807 11995045.7148 4148428.05943 0.903571428571 0.0 2458059.98356 0.0 0.0 1.0
0.40523846492 11976270.6642 4142640.7385 0.903571428571 0.0 2458059.98563 0.0 0.0 0.0
0.406936745325 12010047.8339 4153475.01672 0.903571428571 0.0 2458059.9877 0.0 0.0 1.0
0.408635172696 11988892.3351 4146626.99975 0.903571428571 0.0 2458059.98977 0.0 0.0 0.0
0.410333443177 12026446.9683 4158837.79056 0.903571428571 0.0 2458059.99185 0.0 0.0 1.0
0.412031861387 12002559.7581 4151575.29917 0.903571428571 0.0 2458059.99392 0.0 0.0 0.0
0.413730127668 12030804.2549 4160071.62727 0.903571428571 0.0 2458059.99599 0.0 0.0 1.0
0.447374666124 11981705.0158 4143566.53803 0.903571428571 0.0 2458060.03703 0.0 1.0 0.0
0.449073124797 12019107.7303 4156133.54888 0.903571428571 0.0 2458060.0391 0.0 1.0 1.0
0.450771430397 12003049.5376 4151588.64371 0.903571428571 0.0 2458060.04118 0.0 1.0 0.0
0.452469885252 12033735.6013 4161079.28992 0.903571428571 0.0 2458060.04325 0.0 1.0 1.0
0.454168184745 12013571.744 4155107.06322 0.903571428571 0.0 2458060.04532 0.0 1.0 0.0
0.455866636546 12038194.2893 4162855.07905 0.903571428571 0.0 2458060.04739 0.0 1.0 1.0
0.457564931457 12014181.499 4155399.18721 0.903571428571 0.0 2458060.04946 0.0 1.0 0.0
0.459263369135 12035943.5228 4161937.10048 0.903571428571 0.0 2458060.05153 0.0 1.0 1.0
0.460961650304 12009816.2144 4154282.84851 0.903571428571 0.0 2458060.05361 0.0 1.0 0.0
0.462660078057 12039982.7414 4163182.09788 0.903571428571 0.0 2458060.05568 0.0 1.0 1.0
0.464358353118 12015410.2901 4155826.22491 0.903571428571 0.0 2458060.05775 0.0 1.0 0.0
0.466056775909 12037403.6011 4162530.19757 0.903571428571 0.0 2458060.05982 0.0 1.0 1.0
0.467755039136 12006936.7884 4153040.85527 0.903571428571 0.0 2458060.06189 0.0 1.0 0.0
-0.498344183106 11986626.8004 4145376.0497 0.903571428571 0.0 2458060.10325 0.0 2.0 0.0
-0.49664587598 12017561.6217 4155686.22669 0.903571428571 0.0 2458060.10532 0.0 2.0 1.0
-0.494947414635 12000694.5359 4150573.46012 0.903571428571 0.0 2458060.10739 0.0 2.0 0.0
-0.49324910789 12025663.0797 4158356.63988 0.903571428571 0.0 2458060.10946 0.0 2.0 1.0
-0.491550656852 11998789.9253 4149478.09875 0.903571428571 0.0 2458060.11154 0.0 2.0 0.0
-0.489852361177 12019414.6404 4156416.72053 0.903571428571 0.0 2458060.11361 0.0 2.0 1.0
-0.488153918537 11996802.8561 4149726.43192 0.903571428571 0.0 2458060.11568 0.0 2.0 0.0
-0.486455628588 12013627.9025 4154116.65609 0.903571428571 0.0 2458060.11775 0.0 2.0 1.0
-0.484757192055 11985195.3735 4145125.08206 0.903571428571 0.0 2458060.11982 0.0 2.0 0.0
-0.483058915849 12009191.8359 4152762.03656 0.903571428571 0.0 2458060.12189 0.0 2.0 1.0
-0.481360493059 11989888.1017 4147073.34666 0.903571428571 0.0 2458060.12397 0.0 2.0 0.0
-0.479662226778 12016211.9884 4155157.24307 0.903571428571 0.0 2458060.12604 0.0 2.0 1.0
-0.477963812004 11993511.1273 4148088.7185 0.903571428571 0.0 2458060.12811 0.0 2.0 0.0
-0.44406318083 11987802.3283 4145436.88164 0.903571428571 0.0 2458060.16946 0.0 3.0 0.0
-0.442364722539 12023124.6434 4156855.54573 0.903571428571 0.0 2458060.17154 0.0 3.0 1.0
-0.440666417321 11999943.7417 4150202.31376 0.903571428571 0.0 2458060.17361 0.0 3.0 0.0
-0.438967963229 12024923.0813 4157896.85635 0.903571428571 0.0 2458060.17568 0.0 3.0 1.0
-0.43726965992 12002893.7513 4151245.87539 0.903571428571 0.0 2458060.17775 0.0 3.0 0.0
-0.435571208881 12026215.7905 4158620.22052 0.903571428571 0.0 2458060.17982 0.0 3.0 1.0
-0.433872918169 11999561.8988 4150089.16538 0.903571428571 0.0 2458060.18189 0.0 3.0 0.0
-0.432174480491 12026725.1258 4158834.20286 0.903571428571 0.0 2458060.18397 0.0 3.0 1.0
-0.430476200086 12000471.6645 4150475.95893 0.903571428571 0.0 2458060.18604 0.0 3.0 0.0
-0.428777772715 12028387.3901 4159005.50369 0.903571428571 0.0 2458060.18811 0.0 3.0 1.0
-0.427079497272 12009707.6278 4153952.43858 0.903571428571 0.0 2458060.19018 0.0 3.0 0.0
-0.425381075245 12031111.6839 4160333.03492 0.903571428571 0.0 2458060.19225 0.0 3.0 1.0
-0.423682812017 12013202.6225 4155100.45308 0.903571428571 0.0 2458060.19433 0.0 3.0 0.0
-0.389782041131 11995870.2261 4148260.57178 0.903571428571 0.0 2458060.23568 0.0 4.0 0.0
-0.388083730569 12030713.1354 4159710.54091 0.903571428571 0.0 2458060.23775 0.0 4.0 1.0
-0.386385269987 12010629.0348 4153605.03277 0.903571428571 0.0 2458060.23982 0.0 4.0 0.0
-0.384686967824 12040460.4435 4163134.72351 0.903571428571 0.0 2458060.2419 0.0 4.0 1.0
-0.382988517167 12018714.704 4156448.19718 0.903571428571 0.0 2458060.24397 0.0 4.0 0.0
-0.381290222256 12043806.3606 4164554.58949 0.903571428571 0.0 2458060.24604 0.0 4.0 1.0
-0.379591779997 12019754.9971 4157022.43242 0.903571428571 0.0 2458060.24811 0.0 4.0 0.0
-0.377893490048 12050277.7988 4166868.08612 0.903571428571 0.0 2458060.25018 0.0 4.0 1.0
-0.376195053897 12022393.7856 4158544.17191 0.903571428571 0.0 2458060.25225 0.0 4.0 0.0
-0.374496778073 12048257.5871 4166068.11936 0.903571428571 0.0 2458060.25433 0.0 4.0 1.0
-0.372798355664 12015546.5121 4155784.20151 0.903571428571 0.0 2458060.2564 0.0 4.0 0.0
-0.371100088619 12038713.8532 4162672.00235 0.903571428571 0.0 2458060.25847 0.0 4.0 1.0
-0.369401674227 12013491.3722 4155080.86434 0.903571428571 0.0 2458060.26054 0.0 4.0 0.0
