0.395048218673 1785904327.62 1850828161.1 1784800347.45 1929598432.32 2458059.9732 0 0 0
0.396746528472 1794055835.49 1858652520.03 1793102712.85 1936470112.18 2458059.97527 0 0 1
0.398444982946 1791011567.13 1855568254.25 1789927757.26 1933873667.63 2458059.97734 0 0 0
0.400143282056 1797616356.8 1862172834.83 1796695101.18 1939681073.32 2458059.97942 0 0 1
0.401841728896 1794638344.13 1859544263.12 1793689336.23 1936254659.59 2458059.98149 0 0 0
0.403540023807 1800641975.6 1864948936.23 1799785232.69 1941237296.95 2458059.98356 0 0 1
0.40523846492 1797509717.97 1862586246.64 1796454165.74 1941258098.02 2458059.98563 0 0 0
0.406936745325 1803307732.24 1867629143.54 1802486437.08 1944660718.68 2458059.9877 0 0 1
0.408635172696 1799801120.78 1864479802.87 1798647586.28 1943107364.17 2458059.98977 0 0 0
0.410333443177 1805392136.58 1870236476.87 1804403997.53 1949513769.62 2458059.99185 0 0 1
0.412031861387 1801495080.73 1866499453.85 1800431014.13 1943770847.4 2458059.99392 0 0 0
0.413730127668 1806173305.18 1870878900.13 1805198668.4 1948335349.66 2458059.99599 0 0 1
0.447374666124 1798623813.28 1863272726.37 1797296183.13 1942666192.85 2458060.03703 0 1 0
0.449073124797 1804598996.3 1868783006.6 1803592081.53 1946452858.69 2458060.0391 0 1 1
0.450771430397 1801208304.92 1866129137.26 1800158342.71 1944433617.07 2458060.04118 0 1 0
0.452469885252 1806393392.82 1871109093.37 1805371609.27 1950494527.22 2458060.04325 0 1 1
0.454168184745 1802384752.35 1867229976.31 1801283549.63 1945603416.26 2458060.04532 0 1 0
0.455866636546 1806870920.11 1871356964.26 1805935761.76 1950300601.4 2458060.04739 0 1 1
0.457564931457 1802728973.77 1867543072.51 1801428838.96 1946345844.5 2458060.04946 0 1 0
0.459263369135 1806879951.48 1871344477.23 1805872862.95 1948477164.02 2458060.05153 0 1 1
0.460961650304 1802853917.78 1868150926.83 1801847421.25 1945978467.11 2458060.05361 0 1 0
0.462660078057 1807049409.7 1872018986.54 1805878233.2 1951203273.67 2458060.05568 0 1 1
0.464358353118 1802577111.07 1867510456.33 1801430410.78 1945784624.62 2458060.05775 0 1 0
0.466056775909 1806610047.14 1871159305.45 1805544851.41 1950385510.03 2458060.05982 0 1 1
0.467755039136 1802225957.19 1867301418.83 1801265921.69 1946133505.56 2458060.06189 0 1 0
-0.498344183106 1798721035.34 1863268564.71 1797379234.87 1942660986.2 2458060.10325 0 2 0
-0.49664587598 1804461008.79 1868842533.2 1803320135.26 1950036723.93 2458060.10532 0 2 1
-0.494947414635 1800902488.13 1865722183.69 1799678695.15 1944538250.79 2458060.10739 0 2 0
-0.49324910789 1804960686.07 1869309622.85 1803947032.62 1947433611.27 2458060.10946 0 2 1
-0.491550656852 1800303031.74 1864517565.33 1798968602.47 1943878416.73 2458060.11154 0 2 0
-0.489852361177 1804559590.51 1869189393.94 1803560129.23 1949082555.92 2458060.11361 0 2 1
-0.488153918537 1799979147.81 1865081461.04 1798810787.27 1942799097.1 2458060.11568 0 2 0
-0.486455628588 1803579167.27 1868223097.71 1802480908.38 1945568082.62 2458060.11775 0 2 1
-0.484757192055 1799026226.35 1863755543.02 1797835581.18 1942856368.89 2458060.11982 0 2 0
-0.483058915849 1803235409.03 1867889149.35 1802180055.01 1946826120.06 2458060.12189 0 2 1
-0.481360493059 1799154391.85 1864023577.44 1798109687.56 1940781135.59 2458060.12397 0 2 0
-0.479662226778 1803697874.43 1868145097.7 1802597030.18 1946295953.27 2458060.12604 0 2 1
-0.477963812004 1800109206.99 1864826988.76 1799100540.03 1942790739.72 2458060.12811 0 2 0
-0.44406318083 1798892973.75 1862969246.2 1797493983.79 1941951554.7 2458060.16946 0 3 0
-0.442364722539 1804695869.15 1869590830.14 1803472666.4 1948443981.77 2458060.17154 0 3 1
-0.440666417321 1801057447.34 1865781008.7 1799752505.46 1945637897.94 2458060.17361 0 3 0
-0.438967963229 1805358045.24 1869845543.05 1804240150.08 1946783845.85 2458060.17568 0 3 1
-0.43726965992 1801271948.25 1865960219.13 1800039338.15 1946154327.48 2458060.17775 0 3 0
-0.435571208881 1805578741.28 1869997819.38 1804586418.53 1947952722.12 2458060.17982 0 3 1
-0.433872918169 1801416765.09 1866298778.87 1800291820.22 1945295282.14 2458060.18189 0 3 0
-0.432174480491 1805841370.43 1870503652.98 1804794299.15 1947843440.2 2458060.18397 0 3 1
-0.430476200086 1801602975.29 1866319334.87 1800339103.22 1945563166.27 2458060.18604 0 3 0
-0.428777772715 1806040029.24 1870615131.13 1804961144.45 1947643493.14 2458060.18811 0 3 1
-0.427079497272 1802486306.37 1867675283.43 1801380866.64 1946957101.09 2458060.19018 0 3 0
-0.425381075245 1806480935.49 1870790173.35 1805465111.44 1950284848.11 2458060.19225 0 3 1
-0.423682812017 1802829341.23 1867833690.02 1801763550.85 1945737440.19 2458060.19433 0 3 0
-0.389782041131 1800263016.33 1864588705.64 1798931531.98 1943337794.88 2458060.23568 0 4 0
-0.388083730569 1806054866.92 1870343645.72 1804920675.96 1948165684.48 2458060.23775 0 4 1
-0.386385269987 1802595787.44 1867131786.54 1801326769.47 1946030071.54 2458060.23982 0 4 0
-0.384686967824 1807292954.53 1871644801.39 1806210895.16 1949378077.56 2458060.2419 0 4 1
-0.382988517167 1803570864.62 1868186298.02 1802386669.74 1946310736.21 2458060.24397 0 4 0
-0.381290222256 1808004167.57 1872608613.52 1807064481.55 1951176117.7 2458060.24604 0 4 1
-0.379591779997 1803910099.53 1868635918.35 1802735631.59 1947604929.76 2458060.24811 0 4 0
-0.377893490048 1808342869.02 1872894229.29 1807350926.76 1951641781.22 2458060.25018 0 4 1
-0.376195053897 1804675833.57 1870340009.75 1803607630.65 1948575948.55 2458060.25225 0 4 0
-0.374496778073 1808059518.95 1872336713.52 1807105900.12 1950397960.8 2458060.25433 0 4 1
-0.372798355664 1803876798.2 1868967013.74 1802761627.7 1948969494.11 2458060.2564 0 4 0
-0.371100088619 1807711887.81 1872198185.73 1806761943.85 1950665712.64 2458060.25847 0 4 1
-0.369401674227 1803522485.59 1868427771.25 1802398938.02 1946091933.82 2458060.26054 0 4 0
