#time 		photoelectrons 	error 		visit 	orbit 	scan 	wave_center 	wave_start 	wave_end
0.395048218673 8353820.45628 2913473.9729 0.846428571429 0.0 2458059.9732 0.0 0.0 0.0
0.396746528472 8391801.93942 2926584.90897 0.846428571429 0.0 2458059.97527 0.0 0.0 1.0
0.398444982946 8376592.8468 2921481.36446 0.846428571429 0.0 2458059.97734 0.0 0.0 0.0
0.400143282056 8408077.51464 2931893.5414 0.846428571429 0.0 2458059.97942 0.0 0.0 1.0
0.401841728896 8393693.55143 2927455.76266 0.846428571429 0.0 2458059.98149 0.0 0.0 0.0
0.403540023807 8423192.17656 2937036.66906 0.846428571429 0.0 2458059.98356 0.0 0.0 1.0
0.40523846492 8407495.79266 2932047.09119 0.846428571429 0.0 2458059.98563 0.0 0.0 0.0
0.406936745325 8438643.13268 2942361.23783 0.846428571429 0.0 2458059.9877 0.0 0.0 1.0
0.408635172696 8419856.78568 2936030.95841 0.846428571429 0.0 2458059.98977 0.0 0.0 0.0
0.410333443177 8446691.76149 2944820.29536 0.846428571429 0.0 2458059.99185 0.0 0.0 1.0
0.412031861387 8429457.22118 2939524.17637 0.846428571429 0.0 2458059.99392 0.0 0.0 0.0
0.413730127668 8454116.82513 2947238.28598 0.846428571429 0.0 2458059.99599 0.0 0.0 1.0
0.447374666124 8414124.31609 2933676.71539 0.846428571429 0.0 2458060.03703 0.0 1.0 0.0
0.449073124797 8445973.59014 2944562.56641 0.846428571429 0.0 2458060.0391 0.0 1.0 1.0
0.450771430397 8429102.93774 2939251.58167 0.846428571429 0.0 2458060.04118 0.0 1.0 0.0
0.452469885252 8453521.04479 2946936.34161 0.846428571429 0.0 2458060.04325 0.0 1.0 1.0
0.454168184745 8435415.17558 2941325.03512 0.846428571429 0.0 2458060.04532 0.0 1.0 0.0
0.455866636546 8459305.06586 2949165.53901 0.846428571429 0.0 2458060.04739 0.0 1.0 1.0
0.457564931457 8439994.07618 2942936.43322 0.846428571429 0.0 2458060.04946 0.0 1.0 0.0
0.459263369135 8457288.86752 2948253.56657 0.846428571429 0.0 2458060.05153 0.0 1.0 1.0
0.460961650304 8441244.23399 2943600.21082 0.846428571429 0.0 2458060.05361 0.0 1.0 0.0
0.462660078057 8457317.27072 2948238.81864 0.846428571429 0.0 2458060.05568 0.0 1.0 1.0
0.464358353118 8438204.98315 2942352.40441 0.846428571429 0.0 2458060.05775 0.0 1.0 0.0
0.466056775909 8459976.48371 2949457.38805 0.846428571429 0.0 2458060.05982 0.0 1.0 1.0
0.467755039136 8438789.1494 2942517.58649 0.846428571429 0.0 2458060.06189 0.0 1.0 0.0
-0.498344183106 8422136.30291 2936515.62903 0.846428571429 0.0 2458060.10325 0.0 2.0 0.0
-0.49664587598 8450683.92671 2946299.5962 0.846428571429 0.0 2458060.10532 0.0 2.0 1.0
-0.494947414635 8431171.0612 2939777.50611 0.846428571429 0.0 2458060.10739 0.0 2.0 0.0
-0.49324910789 8452156.7149 2946430.35449 0.846428571429 0.0 2458060.10946 0.0 2.0 1.0
-0.491550656852 8429882.46858 2938860.58817 0.846428571429 0.0 2458060.11154 0.0 2.0 0.0
-0.489852361177 8447285.21946 2945053.96411 0.846428571429 0.0 2458060.11361 0.0 2.0 1.0
-0.488153918537 8429005.4886 2939440.19649 0.846428571429 0.0 2458060.11568 0.0 2.0 0.0
-0.486455628588 8446125.41029 2944369.75743 0.846428571429 0.0 2458060.11775 0.0 2.0 1.0
-0.484757192055 8425503.21715 2937814.56168 0.846428571429 0.0 2458060.11982 0.0 2.0 0.0
-0.483058915849 8445672.14069 2944340.79105 0.846428571429 0.0 2458060.12189 0.0 2.0 1.0
-0.481360493059 8427602.87471 2938652.93184 0.846428571429 0.0 2458060.12397 0.0 2.0 0.0
-0.479662226778 8445527.26438 2944259.64445 0.846428571429 0.0 2458060.12604 0.0 2.0 1.0
-0.477963812004 8431194.51783 2939782.35045 0.846428571429 0.0 2458060.12811 0.0 2.0 0.0
-0.44406318083 8424503.35229 2936914.784 0.846428571429 0.0 2458060.16946 0.0 3.0 0.0
-0.442364722539 8448556.07708 2944934.67067 0.846428571429 0.0 2458060.17154 0.0 3.0 1.0
-0.440666417321 8429445.33109 2939059.34972 0.846428571429 0.0 2458060.17361 0.0 3.0 0.0
-0.438967963229 8450776.77811 2945914.83735 0.846428571429 0.0 2458060.17568 0.0 3.0 1.0
-0.43726965992 8431939.1651 2939875.33376 0.846428571429 0.0 2458060.17775 0.0 3.0 0.0
-0.435571208881 8453889.03372 2947184.56831 0.846428571429 0.0 2458060.17982 0.0 3.0 1.0
-0.433872918169 8435380.85657 2941087.63773 0.846428571429 0.0 2458060.18189 0.0 3.0 0.0
-0.432174480491 8453394.6637 2946904.34876 0.846428571429 0.0 2458060.18397 0.0 3.0 1.0
-0.430476200086 8434824.72741 2940951.16651 0.846428571429 0.0 2458060.18604 0.0 3.0 0.0
-0.428777772715 8457660.01622 2948158.41501 0.846428571429 0.0 2458060.18811 0.0 3.0 1.0
-0.427079497272 8438274.4809 2942285.82514 0.846428571429 0.0 2458060.19018 0.0 3.0 0.0
-0.425381075245 8461182.40256 2949730.77796 0.846428571429 0.0 2458060.19225 0.0 3.0 1.0
-0.423682812017 8440571.16137 2943140.69947 0.846428571429 0.0 2458060.19433 0.0 3.0 0.0
-0.389782041131 8430170.91819 2939026.33523 0.846428571429 0.0 2458060.23568 0.0 4.0 0.0
-0.388083730569 8455237.4717 2947381.6851 0.846428571429 0.0 2458060.23775 0.0 4.0 1.0
-0.386385269987 8440874.9371 2942688.01321 0.846428571429 0.0 2458060.23982 0.0 4.0 0.0
-0.384686967824 8461042.15741 2949350.68133 0.846428571429 0.0 2458060.2419 0.0 4.0 1.0
-0.382988517167 8446759.49996 2944915.8008 0.846428571429 0.0 2458060.24397 0.0 4.0 0.0
-0.381290222256 8463525.24367 2950357.92507 0.846428571429 0.0 2458060.24604 0.0 4.0 1.0
-0.379591779997 8447898.31396 2945291.45465 0.846428571429 0.0 2458060.24811 0.0 4.0 0.0
-0.377893490048 8465209.36861 2951028.34004 0.846428571429 0.0 2458060.25018 0.0 4.0 1.0
-0.376195053897 8450003.666 2946630.22663 0.846428571429 0.0 2458060.25225 0.0 4.0 0.0
-0.374496778073 8465285.88003 2950890.88144 0.846428571429 0.0 2458060.25433 0.0 4.0 1.0
-0.372798355664 8445977.77982 2944787.57081 0.846428571429 0.0 2458060.2564 0.0 4.0 0.0
-0.371100088619 8463832.98148 2950300.22232 0.846428571429 0.0 2458060.25847 0.0 4.0 1.0
-0.369401674227 8449734.90867 2946228.36476 0.846428571429 0.0 2458060.26054 0.0 4.0 0.0
