#time 		photoelectrons 	error 		visit 	orbit 	scan 	wave_center 	wave_start 	wave_end
0.395048218673 5862464.10558 2068737.38954 0.817857142857 0.0 2458059.9732 0.0 0.0 0.0
0.396746528472 5888144.19679 2077636.17202 0.817857142857 0.0 2458059.97527 0.0 0.0 1.0
0.398444982946 5876600.82996 2073613.21284 0.817857142857 0.0 2458059.97734 0.0 0.0 0.0
0.400143282056 5898410.87076 2080962.29852 0.817857142857 0.0 2458059.97942 0.0 0.0 1.0
0.401841728896 5887569.17328 2077498.13773 0.817857142857 0.0 2458059.98149 0.0 0.0 0.0
0.403540023807 5908564.59553 2084228.49837 0.817857142857 0.0 2458059.98356 0.0 0.0 1.0
0.40523846492 5900287.79721 2081728.75327 0.817857142857 0.0 2458059.98563 0.0 0.0 0.0
0.406936745325 5919666.81021 2088246.87296 0.817857142857 0.0 2458059.9877 0.0 0.0 1.0
0.408635172696 5910143.00201 2084897.68547 0.817857142857 0.0 2458059.98977 0.0 0.0 0.0
0.410333443177 5927288.60518 2090560.36243 0.817857142857 0.0 2458059.99185 0.0 0.0 1.0
0.412031861387 5914478.02515 2086583.53012 0.817857142857 0.0 2458059.99392 0.0 0.0 0.0
0.413730127668 5932915.12677 2092344.36298 0.817857142857 0.0 2458059.99599 0.0 0.0 1.0
0.447374666124 5904232.92964 2082647.82684 0.817857142857 0.0 2458060.03703 0.0 1.0 0.0
0.449073124797 5923384.30896 2089239.23391 0.817857142857 0.0 2458060.0391 0.0 1.0 1.0
0.450771430397 5915794.659 2086888.82873 0.817857142857 0.0 2458060.04118 0.0 1.0 0.0
0.452469885252 5931571.09676 2091992.26806 0.817857142857 0.0 2458060.04325 0.0 1.0 1.0
0.454168184745 5920869.94656 2088570.33965 0.817857142857 0.0 2458060.04532 0.0 1.0 0.0
0.455866636546 5936013.26759 2093660.15328 0.817857142857 0.0 2458060.04739 0.0 1.0 1.0
0.457564931457 5923500.92068 2089447.9756 0.817857142857 0.0 2458060.04946 0.0 1.0 0.0
0.459263369135 5936593.66252 2093773.06906 0.817857142857 0.0 2458060.05153 0.0 1.0 1.0
0.460961650304 5925334.00977 2090245.1885 0.817857142857 0.0 2458060.05361 0.0 1.0 0.0
0.462660078057 5938117.71437 2093959.38112 0.817857142857 0.0 2458060.05568 0.0 1.0 1.0
0.464358353118 5923623.10529 2089447.36368 0.817857142857 0.0 2458060.05775 0.0 1.0 0.0
0.466056775909 5939549.51028 2094759.31387 0.817857142857 0.0 2458060.05982 0.0 1.0 1.0
0.467755039136 5924743.36831 2089936.29612 0.817857142857 0.0 2458060.06189 0.0 1.0 0.0
-0.498344183106 5912342.35745 2085481.91659 0.817857142857 0.0 2458060.10325 0.0 2.0 0.0
-0.49664587598 5928215.53966 2091098.91069 0.817857142857 0.0 2458060.10532 0.0 2.0 1.0
-0.494947414635 5917571.5606 2087392.02947 0.817857142857 0.0 2458060.10739 0.0 2.0 0.0
-0.49324910789 5929453.9156 2091386.24147 0.817857142857 0.0 2458060.10946 0.0 2.0 1.0
-0.491550656852 5912843.4641 2085473.70513 0.817857142857 0.0 2458060.11154 0.0 2.0 0.0
-0.489852361177 5931372.71685 2091969.48095 0.817857142857 0.0 2458060.11361 0.0 2.0 1.0
-0.488153918537 5914548.88327 2086491.76479 0.817857142857 0.0 2458060.11568 0.0 2.0 0.0
-0.486455628588 5926762.2047 2090224.90064 0.817857142857 0.0 2458060.11775 0.0 2.0 1.0
-0.484757192055 5914055.749 2086042.29554 0.817857142857 0.0 2458060.11982 0.0 2.0 0.0
-0.483058915849 5925986.00476 2089996.61248 0.817857142857 0.0 2458060.12189 0.0 2.0 1.0
-0.481360493059 5915693.70531 2086707.8089 0.817857142857 0.0 2458060.12397 0.0 2.0 0.0
-0.479662226778 5928911.25212 2090900.67076 0.817857142857 0.0 2458060.12604 0.0 2.0 1.0
-0.477963812004 5919507.49912 2087879.45341 0.817857142857 0.0 2458060.12811 0.0 2.0 0.0
-0.44406318083 5913191.06724 2085554.60077 0.817857142857 0.0 2458060.16946 0.0 3.0 0.0
-0.442364722539 5929238.45501 2091031.85268 0.817857142857 0.0 2458060.17154 0.0 3.0 1.0
-0.440666417321 5919306.43169 2087856.92148 0.817857142857 0.0 2458060.17361 0.0 3.0 0.0
-0.438967963229 5932705.46986 2092115.0368 0.817857142857 0.0 2458060.17568 0.0 3.0 1.0
-0.43726965992 5919755.12382 2088040.17832 0.817857142857 0.0 2458060.17775 0.0 3.0 0.0
-0.435571208881 5933605.85922 2092647.3096 0.817857142857 0.0 2458060.17982 0.0 3.0 1.0
-0.433872918169 5919620.61834 2087859.12707 0.817857142857 0.0 2458060.18189 0.0 3.0 0.0
-0.432174480491 5932056.71935 2092100.17986 0.817857142857 0.0 2458060.18397 0.0 3.0 1.0
-0.430476200086 5921801.45197 2088744.25503 0.817857142857 0.0 2458060.18604 0.0 3.0 0.0
-0.428777772715 5935949.04762 2093221.55144 0.817857142857 0.0 2458060.18811 0.0 3.0 1.0
-0.427079497272 5928181.53357 2090977.84107 0.817857142857 0.0 2458060.19018 0.0 3.0 0.0
-0.425381075245 5938170.01692 2094196.03665 0.817857142857 0.0 2458060.19225 0.0 3.0 1.0
-0.423682812017 5929146.47685 2091511.56448 0.817857142857 0.0 2458060.19433 0.0 3.0 0.0
-0.389782041131 5917279.35397 2086937.77273 0.817857142857 0.0 2458060.23568 0.0 4.0 0.0
-0.388083730569 5934741.77107 2092839.40857 0.817857142857 0.0 2458060.23775 0.0 4.0 1.0
-0.386385269987 5922855.63511 2088869.69302 0.817857142857 0.0 2458060.23982 0.0 4.0 0.0
-0.384686967824 5937629.50462 2093793.13532 0.817857142857 0.0 2458060.2419 0.0 4.0 1.0
-0.382988517167 5927532.96049 2090503.37824 0.817857142857 0.0 2458060.24397 0.0 4.0 0.0
-0.381290222256 5940432.8595 2094991.71175 0.817857142857 0.0 2458060.24604 0.0 4.0 1.0
-0.379591779997 5931167.29575 2091979.65906 0.817857142857 0.0 2458060.24811 0.0 4.0 0.0
-0.377893490048 5941084.33918 2095203.89803 0.817857142857 0.0 2458060.25018 0.0 4.0 1.0
-0.376195053897 5932483.95612 2092745.15625 0.817857142857 0.0 2458060.25225 0.0 4.0 0.0
-0.374496778073 5942755.16937 2095605.95377 0.817857142857 0.0 2458060.25433 0.0 4.0 1.0
-0.372798355664 5931169.1025 2091926.46868 0.817857142857 0.0 2458060.2564 0.0 4.0 0.0
-0.371100088619 5940178.88311 2094652.87219 0.817857142857 0.0 2458060.25847 0.0 4.0 1.0
-0.369401674227 5933971.73038 2092943.98712 0.817857142857 0.0 2458060.26054 0.0 4.0 0.0
