#time 		photoelectrons 	error 		visit 	orbit 	scan 	wave_center 	wave_start 	wave_end
0.395048218673 7826903.18157 2754183.87169 0.839285714286 0.0 2458059.9732 0.0 0.0 0.0
0.396746528472 7859548.00733 2765548.59464 0.839285714286 0.0 2458059.97527 0.0 0.0 1.0
0.398444982946 7850958.86559 2762612.50794 0.839285714286 0.0 2458059.97734 0.0 0.0 0.0
0.400143282056 7878240.7789 2771742.03033 0.839285714286 0.0 2458059.97942 0.0 0.0 1.0
0.401841728896 7866170.76522 2767993.57048 0.839285714286 0.0 2458059.98149 0.0 0.0 0.0
0.403540023807 7892504.35682 2776616.38855 0.839285714286 0.0 2458059.98356 0.0 0.0 1.0
0.40523846492 7880384.9982 2772744.83263 0.839285714286 0.0 2458059.98563 0.0 0.0 0.0
0.406936745325 7904106.60398 2780687.45579 0.839285714286 0.0 2458059.9877 0.0 0.0 1.0
0.408635172696 7890174.23089 2775866.72244 0.839285714286 0.0 2458059.98977 0.0 0.0 0.0
0.410333443177 7913535.33006 2783612.52618 0.839285714286 0.0 2458059.99185 0.0 0.0 1.0
0.412031861387 7901696.65094 2780054.07274 0.839285714286 0.0 2458059.99392 0.0 0.0 0.0
0.413730127668 7920921.81551 2786010.56597 0.839285714286 0.0 2458059.99599 0.0 0.0 1.0
0.447374666124 7883683.63671 2773318.17961 0.839285714286 0.0 2458060.03703 0.0 1.0 0.0
0.449073124797 7912824.05284 2783383.48471 0.839285714286 0.0 2458060.0391 0.0 1.0 1.0
0.450771430397 7897004.56136 2778294.55514 0.839285714286 0.0 2458060.04118 0.0 1.0 0.0
0.452469885252 7917257.19212 2784725.73605 0.839285714286 0.0 2458060.04325 0.0 1.0 1.0
0.454168184745 7906420.97131 2781477.90401 0.839285714286 0.0 2458060.04532 0.0 1.0 0.0
0.455866636546 7925824.39626 2787928.41582 0.839285714286 0.0 2458060.04739 0.0 1.0 1.0
0.457564931457 7909490.02346 2782572.3919 0.839285714286 0.0 2458060.04946 0.0 1.0 0.0
0.459263369135 7925148.64087 2787503.21969 0.839285714286 0.0 2458060.05153 0.0 1.0 1.0
0.460961650304 7910088.254 2783006.11835 0.839285714286 0.0 2458060.05361 0.0 1.0 0.0
0.462660078057 7923531.58105 2786823.45407 0.839285714286 0.0 2458060.05568 0.0 1.0 1.0
0.464358353118 7907949.02841 2782074.03801 0.839285714286 0.0 2458060.05775 0.0 1.0 0.0
0.466056775909 7924795.36331 2787530.95584 0.839285714286 0.0 2458060.05982 0.0 1.0 1.0
0.467755039136 7904482.24861 2780916.19981 0.839285714286 0.0 2458060.06189 0.0 1.0 0.0
-0.498344183106 7889169.34196 2775333.6261 0.839285714286 0.0 2458060.10325 0.0 2.0 0.0
-0.49664587598 7916223.59625 2784677.62825 0.839285714286 0.0 2458060.10532 0.0 2.0 1.0
-0.494947414635 7898954.06056 2778802.82172 0.839285714286 0.0 2458060.10739 0.0 2.0 0.0
-0.49324910789 7916013.08153 2784251.25851 0.839285714286 0.0 2458060.10946 0.0 2.0 1.0
-0.491550656852 7896792.74808 2777646.33599 0.839285714286 0.0 2458060.11154 0.0 2.0 0.0
-0.489852361177 7915107.64804 2784193.04136 0.839285714286 0.0 2458060.11361 0.0 2.0 1.0
-0.488153918537 7896882.68022 2778455.07626 0.839285714286 0.0 2458060.11568 0.0 2.0 0.0
-0.486455628588 7910528.95499 2782311.22847 0.839285714286 0.0 2458060.11775 0.0 2.0 1.0
-0.484757192055 7892315.05781 2776472.07964 0.839285714286 0.0 2458060.11982 0.0 2.0 0.0
-0.483058915849 7911269.91571 2782756.01874 0.839285714286 0.0 2458060.12189 0.0 2.0 1.0
-0.481360493059 7894067.5701 2777203.12402 0.839285714286 0.0 2458060.12397 0.0 2.0 0.0
-0.479662226778 7913228.5175 2783268.63221 0.839285714286 0.0 2458060.12604 0.0 2.0 1.0
-0.477963812004 7899465.4206 2778944.9093 0.839285714286 0.0 2458060.12811 0.0 2.0 0.0
-0.44406318083 7890838.73182 2775504.65444 0.839285714286 0.0 2458060.16946 0.0 3.0 0.0
-0.442364722539 7915689.82978 2783897.21736 0.839285714286 0.0 2458060.17154 0.0 3.0 1.0
-0.440666417321 7900574.5601 2779233.20621 0.839285714286 0.0 2458060.17361 0.0 3.0 0.0
-0.438967963229 7919976.11918 2785627.02139 0.839285714286 0.0 2458060.17568 0.0 3.0 1.0
-0.43726965992 7899608.08951 2778913.9417 0.839285714286 0.0 2458060.17775 0.0 3.0 0.0
-0.435571208881 7919879.57494 2785751.3612 0.839285714286 0.0 2458060.17982 0.0 3.0 1.0
-0.433872918169 7902992.36679 2780045.10961 0.839285714286 0.0 2458060.18189 0.0 3.0 0.0
-0.432174480491 7917703.54872 2784871.03396 0.839285714286 0.0 2458060.18397 0.0 3.0 1.0
-0.430476200086 7905695.30131 2781076.30383 0.839285714286 0.0 2458060.18604 0.0 3.0 0.0
-0.428777772715 7920308.32096 2785552.97991 0.839285714286 0.0 2458060.18811 0.0 3.0 1.0
-0.427079497272 7909381.77034 2782437.84571 0.839285714286 0.0 2458060.19018 0.0 3.0 0.0
-0.425381075245 7923563.48738 2787000.01851 0.839285714286 0.0 2458060.19225 0.0 3.0 1.0
-0.423682812017 7907644.13438 2781943.30777 0.839285714286 0.0 2458060.19433 0.0 3.0 0.0
-0.389782041131 7898244.22439 2778215.83702 0.839285714286 0.0 2458060.23568 0.0 4.0 0.0
-0.388083730569 7922604.7418 2786374.69255 0.839285714286 0.0 2458060.23775 0.0 4.0 1.0
-0.386385269987 7904090.35514 2780209.88873 0.839285714286 0.0 2458060.23982 0.0 4.0 0.0
-0.384686967824 7925942.50746 2787589.67435 0.839285714286 0.0 2458060.2419 0.0 4.0 1.0
-0.382988517167 7913197.24648 2783551.25569 0.839285714286 0.0 2458060.24397 0.0 4.0 0.0
-0.381290222256 7931513.10204 2789566.29301 0.839285714286 0.0 2458060.24604 0.0 4.0 1.0
-0.379591779997 7915143.57282 2784146.95419 0.839285714286 0.0 2458060.24811 0.0 4.0 0.0
-0.377893490048 7930324.3239 2789239.92622 0.839285714286 0.0 2458060.25018 0.0 4.0 1.0
-0.376195053897 7918255.73899 2785829.37676 0.839285714286 0.0 2458060.25225 0.0 4.0 0.0
-0.374496778073 7929891.21813 2788990.09809 0.839285714286 0.0 2458060.25433 0.0 4.0 1.0
-0.372798355664 7915680.40226 2784580.90062 0.839285714286 0.0 2458060.2564 0.0 4.0 0.0
-0.371100088619 7929054.73947 2788624.84623 0.839285714286 0.0 2458060.25847 0.0 4.0 1.0
-0.369401674227 7916527.47029 2784909.66182 0.839285714286 0.0 2458060.26054 0.0 4.0 0.0
