#time 		photoelectrons 	error 		visit 	orbit 	scan 	wave_center 	wave_start 	wave_end
0.395048218673 14056180.2172 4846943.00627 0.953571428571 0.0 2458059.9732 0.0 0.0 0.0
0.396746528472 14124102.6171 4869691.80199 0.953571428571 0.0 2458059.97527 0.0 0.0 1.0
0.398444982946 14100662.9935 4862433.05139 0.953571428571 0.0 2458059.97734 0.0 0.0 0.0
0.400143282056 14150510.2097 4878653.25903 0.953571428571 0.0 2458059.97942 0.0 0.0 1.0
0.401841728896 14124739.4083 4871014.94707 0.953571428571 0.0 2458059.98149 0.0 0.0 0.0
0.403540023807 14176417.6277 4887590.19547 0.953571428571 0.0 2458059.98356 0.0 0.0 1.0
0.40523846492 14146999.9907 4878444.79608 0.953571428571 0.0 2458059.98563 0.0 0.0 0.0
0.406936745325 14191264.4301 4892783.81131 0.953571428571 0.0 2458059.9877 0.0 0.0 1.0
0.408635172696 14164632.0498 4884097.83395 0.953571428571 0.0 2458059.98977 0.0 0.0 0.0
0.410333443177 14215295.5341 4900679.95553 0.953571428571 0.0 2458059.99185 0.0 0.0 1.0
0.412031861387 14178497.5108 4889209.66255 0.953571428571 0.0 2458059.99392 0.0 0.0 0.0
0.413730127668 14216052.1398 4900766.1562 0.953571428571 0.0 2458059.99599 0.0 0.0 1.0
0.447374666124 14155994.9251 4880297.10026 0.953571428571 0.0 2458060.03703 0.0 1.0 0.0
0.449073124797 14198764.2718 4894703.02452 0.953571428571 0.0 2458060.0391 0.0 1.0 1.0
0.450771430397 14180462.5312 4889669.47445 0.953571428571 0.0 2458060.04118 0.0 1.0 0.0
0.452469885252 14216796.6676 4900899.56354 0.953571428571 0.0 2458060.04325 0.0 1.0 1.0
0.454168184745 14188798.4748 4892485.0161 0.953571428571 0.0 2458060.04532 0.0 1.0 0.0
0.455866636546 14218486.2017 4901848.17849 0.953571428571 0.0 2458060.04739 0.0 1.0 1.0
0.457564931457 14189033.231 4892662.28038 0.953571428571 0.0 2458060.04946 0.0 1.0 0.0
0.459263369135 14221370.4471 4902649.33149 0.953571428571 0.0 2458060.05153 0.0 1.0 1.0
0.460961650304 14189802.7075 4893289.48851 0.953571428571 0.0 2458060.05361 0.0 1.0 0.0
0.462660078057 14220904.282 4902321.93288 0.953571428571 0.0 2458060.05568 0.0 1.0 1.0
0.464358353118 14189580.8002 4892908.87599 0.953571428571 0.0 2458060.05775 0.0 1.0 0.0
0.466056775909 14216388.3023 4901070.77581 0.953571428571 0.0 2458060.05982 0.0 1.0 1.0
0.467755039136 14185648.7776 4891484.48541 0.953571428571 0.0 2458060.06189 0.0 1.0 0.0
-0.498344183106 14159568.8567 4881721.18187 0.953571428571 0.0 2458060.10325 0.0 2.0 0.0
-0.49664587598 14198686.0732 4894954.10038 0.953571428571 0.0 2458060.10532 0.0 2.0 1.0
-0.494947414635 14172714.2006 4886763.92222 0.953571428571 0.0 2458060.10739 0.0 2.0 0.0
-0.49324910789 14206135.9334 4897370.60567 0.953571428571 0.0 2458060.10946 0.0 2.0 1.0
-0.491550656852 14172490.6208 4886360.36324 0.953571428571 0.0 2458060.11154 0.0 2.0 0.0
-0.489852361177 14200095.0751 4895571.14876 0.953571428571 0.0 2458060.11361 0.0 2.0 1.0
-0.488153918537 14169029.1589 4886150.84987 0.953571428571 0.0 2458060.11568 0.0 2.0 0.0
-0.486455628588 14195135.0721 4893543.3778 0.953571428571 0.0 2458060.11775 0.0 2.0 1.0
-0.484757192055 14161530.5017 4882933.16753 0.953571428571 0.0 2458060.11982 0.0 2.0 0.0
-0.483058915849 14188303.9601 4891377.8667 0.953571428571 0.0 2458060.12189 0.0 2.0 1.0
-0.481360493059 14155683.7135 4881320.4064 0.953571428571 0.0 2458060.12397 0.0 2.0 0.0
-0.479662226778 14194910.2617 4893444.77393 0.953571428571 0.0 2458060.12604 0.0 2.0 1.0
-0.477963812004 14159552.4523 4882398.19731 0.953571428571 0.0 2458060.12811 0.0 2.0 0.0
-0.44406318083 14157471.3199 4880672.00207 0.953571428571 0.0 2458060.16946 0.0 3.0 0.0
-0.442364722539 14198403.7327 4894085.39146 0.953571428571 0.0 2458060.17154 0.0 3.0 1.0
-0.440666417321 14174234.9381 4887126.06636 0.953571428571 0.0 2458060.17361 0.0 3.0 0.0
-0.438967963229 14207057.3229 4897447.98041 0.953571428571 0.0 2458060.17568 0.0 3.0 1.0
-0.43726965992 14178116.1642 4888621.06531 0.953571428571 0.0 2458060.17775 0.0 3.0 0.0
-0.435571208881 14213150.2424 4899858.45617 0.953571428571 0.0 2458060.17982 0.0 3.0 1.0
-0.433872918169 14171282.9815 4886448.72024 0.953571428571 0.0 2458060.18189 0.0 3.0 0.0
-0.432174480491 14207168.02 4897810.81038 0.953571428571 0.0 2458060.18397 0.0 3.0 1.0
-0.430476200086 14173257.3364 4887089.75321 0.953571428571 0.0 2458060.18604 0.0 3.0 0.0
-0.428777772715 14208569.8964 4898141.22819 0.953571428571 0.0 2458060.18811 0.0 3.0 1.0
-0.427079497272 14182962.2102 4890654.10149 0.953571428571 0.0 2458060.19018 0.0 3.0 0.0
-0.425381075245 14213199.9197 4900085.48441 0.953571428571 0.0 2458060.19225 0.0 3.0 1.0
-0.423682812017 14187428.1445 4892096.59867 0.953571428571 0.0 2458060.19433 0.0 3.0 0.0
-0.389782041131 14170230.2356 4885136.86423 0.953571428571 0.0 2458060.23568 0.0 4.0 0.0
-0.388083730569 14211901.0933 4898861.26608 0.953571428571 0.0 2458060.23775 0.0 4.0 1.0
-0.386385269987 14189925.8011 4892304.22696 0.953571428571 0.0 2458060.23982 0.0 4.0 0.0
-0.384686967824 14222181.6547 4902606.99978 0.953571428571 0.0 2458060.2419 0.0 4.0 1.0
-0.382988517167 14195332.9236 4894348.08345 0.953571428571 0.0 2458060.24397 0.0 4.0 0.0
-0.381290222256 14229719.3585 4905477.25957 0.953571428571 0.0 2458060.24604 0.0 4.0 1.0
-0.379591779997 14199588.9532 4896013.60559 0.953571428571 0.0 2458060.24811 0.0 4.0 0.0
-0.377893490048 14231041.1874 4906003.44502 0.953571428571 0.0 2458060.25018 0.0 4.0 1.0
-0.376195053897 14205107.1065 4898626.79528 0.953571428571 0.0 2458060.25225 0.0 4.0 0.0
-0.374496778073 14228626.4157 4905099.94664 0.953571428571 0.0 2458060.25433 0.0 4.0 1.0
-0.372798355664 14190267.0179 4893024.36595 0.953571428571 0.0 2458060.2564 0.0 4.0 0.0
-0.371100088619 14220241.7114 4902082.832 0.953571428571 0.0 2458060.25847 0.0 4.0 1.0
-0.369401674227 14194356.9086 4894445.01904 0.953571428571 0.0 2458060.26054 0.0 4.0 0.0
