0 2458059.97136 0 -1.10219 0.0
1 2458059.9732 252 26.5185 0.0
2 2458059.97527 281 21.4277 0.0
3 2458059.97734 258 19.2142 0.0
4 2458059.97942 278 19.8376 0.0
5 2458059.98149 255 17.1851 0.0
6 2458059.98356 279 17.9639 0.0
7 2458059.98563 262 18.3261 0.0
8 2458059.9877 254 18.4802 0.0
9 2458059.98977 293 18.9963 0.0
10 2458059.99185 287 19.1762 0.0
11 2458059.99392 285 18.5402 0.0
12 2458059.99599 201 19.3243 0.0
13 2458060.03703 223 45.3808 0.0
14 2458060.0391 296 32.7298 0.0
15 2458060.04118 288 21.8855 0.0
16 2458060.04325 258 19.9763 0.0
17 2458060.04532 288 17.8605 0.0
18 2458060.04739 276 18.6896 0.0
19 2458060.04946 230 17.8359 0.0
20 2458060.05153 286 18.8704 0.0
21 2458060.05361 211 18.48 0.0
22 2458060.05568 283 18.8307 0.0
23 2458060.05775 288 18.2541 0.0
24 2458060.05982 262 19.5121 0.0
25 2458060.06189 287 17.3737 0.0
26 2458060.10325 250 46.9037 0.0
27 2458060.10532 285 34.821 0.0
28 2458060.10739 280 20.8726 0.0
29 2458060.10946 293 20.2236 0.0
30 2458060.11154 284 19.4616 0.0
31 2458060.11361 285 18.9171 0.0
32 2458060.11568 257 17.8844 0.0
33 2458060.11775 285 18.8766 0.0
34 2458060.11982 283 19.3428 0.0
35 2458060.12189 275 18.1925 0.0
36 2458060.12397 304 17.6904 0.0
37 2458060.12604 242 19.6699 0.0
38 2458060.12811 250 18.213 0.0
39 2458060.16946 226 45.3317 0.0
40 2458060.17154 288 32.4533 0.0
41 2458060.17361 290 23.2858 0.0
42 2458060.17568 282 20.8214 0.0
43 2458060.17775 197 18.6974 0.0
44 2458060.17982 285 18.5197 0.0
45 2458060.18189 231 18.8169 0.0
46 2458060.18397 295 19.5898 0.0
47 2458060.18604 288 17.7587 0.0
48 2458060.18811 283 19.915 0.0
49 2458060.19018 271 17.778 0.0
50 2458060.19225 272 19.325 0.0
51 2458060.19433 276 17.152 0.0
52 2458060.23568 279 45.0572 0.0
53 2458060.23775 276 33.0964 0.0
54 2458060.23982 279 22.1286 0.0
55 2458060.2419 282 18.8889 0.0
56 2458060.24397 250 18.2404 0.0
57 2458060.24604 269 19.5858 0.0
58 2458060.24811 233 18.6114 0.0
59 2458060.25018 289 18.6845 0.0
60 2458060.25225 277 17.3833 0.0
61 2458060.25433 269 18.5012 0.0
62 2458060.2564 280 17.7143 0.0
63 2458060.25847 283 19.4398 0.0
64 2458060.26054 283 17.2028 0.0
