#time 		photoelectrons 	error 		visit 	orbit 	scan 	wave_center 	wave_start 	wave_end
0.395048218673 14785954.2436 5093858.91289 0.982142857143 0.0 2458059.9732 0.0 0.0 0.0
0.396746528472 14851120.4871 5115810.3554 0.982142857143 0.0 2458059.97527 0.0 0.0 1.0
0.398444982946 14828703.8602 5109111.23072 0.982142857143 0.0 2458059.97734 0.0 0.0 0.0
0.400143282056 14880896.9467 5125950.20974 0.982142857143 0.0 2458059.97942 0.0 0.0 1.0
0.401841728896 14854965.9321 5118262.10028 0.982142857143 0.0 2458059.98149 0.0 0.0 0.0
0.403540023807 14905887.2329 5134605.66384 0.982142857143 0.0 2458059.98356 0.0 0.0 1.0
0.40523846492 14883004.7702 5127750.33994 0.982142857143 0.0 2458059.98563 0.0 0.0 0.0
0.406936745325 14927438.7332 5142038.7993 0.982142857143 0.0 2458059.9877 0.0 0.0 1.0
0.408635172696 14900406.4446 5133293.37735 0.982142857143 0.0 2458059.98977 0.0 0.0 0.0
0.410333443177 14943146.3892 5147278.14733 0.982142857143 0.0 2458059.99185 0.0 0.0 1.0
0.412031861387 14911360.9636 5137424.68611 0.982142857143 0.0 2458059.99392 0.0 0.0 0.0
0.413730127668 14954336.8539 5150850.96574 0.982142857143 0.0 2458059.99599 0.0 0.0 1.0
0.447374666124 14884582.258 5126965.66235 0.982142857143 0.0 2458060.03703 0.0 1.0 0.0
0.449073124797 14942522.7308 5146553.34111 0.982142857143 0.0 2458060.0391 0.0 1.0 1.0
0.450771430397 14911505.0589 5137168.02955 0.982142857143 0.0 2458060.04118 0.0 1.0 0.0
0.452469885252 14951946.3696 5149923.04133 0.982142857143 0.0 2458060.04325 0.0 1.0 1.0
0.454168184745 14918854.2501 5139628.70951 0.982142857143 0.0 2458060.04532 0.0 1.0 0.0
0.455866636546 14958500.6566 5152516.93716 0.982142857143 0.0 2458060.04739 0.0 1.0 1.0
0.457564931457 14924805.919 5141786.96473 0.982142857143 0.0 2458060.04946 0.0 1.0 0.0
0.459263369135 14953118.2467 5150420.93019 0.982142857143 0.0 2458060.05153 0.0 1.0 1.0
0.460961650304 14925536.4016 5142278.14755 0.982142857143 0.0 2458060.05361 0.0 1.0 0.0
0.462660078057 14958976.4517 5152258.14892 0.982142857143 0.0 2458060.05568 0.0 1.0 1.0
0.464358353118 14922068.6177 5140964.0188 0.982142857143 0.0 2458060.05775 0.0 1.0 0.0
0.466056775909 14954769.1732 5151178.2028 0.982142857143 0.0 2458060.05982 0.0 1.0 1.0
0.467755039136 14916691.5832 5139124.50626 0.982142857143 0.0 2458060.06189 0.0 1.0 0.0
-0.498344183106 14891546.7153 5129476.42973 0.982142857143 0.0 2458060.10325 0.0 2.0 0.0
-0.49664587598 14936612.6124 5144921.22422 0.982142857143 0.0 2458060.10532 0.0 2.0 1.0
-0.494947414635 14905922.424 5135023.22828 0.982142857143 0.0 2458060.10739 0.0 2.0 0.0
-0.49324910789 14941270.3284 5146331.26567 0.982142857143 0.0 2458060.10946 0.0 2.0 1.0
-0.491550656852 14904607.2938 5134376.64998 0.982142857143 0.0 2458060.11154 0.0 2.0 0.0
-0.489852361177 14939055.232 5145793.36375 0.982142857143 0.0 2458060.11361 0.0 2.0 1.0
-0.488153918537 14897695.4441 5132871.63111 0.982142857143 0.0 2458060.11568 0.0 2.0 0.0
-0.486455628588 14929435.0128 5142231.32526 0.982142857143 0.0 2458060.11775 0.0 2.0 1.0
-0.484757192055 14897737.6243 5132216.84871 0.982142857143 0.0 2458060.11982 0.0 2.0 0.0
-0.483058915849 14923360.0564 5140310.2959 0.982142857143 0.0 2458060.12189 0.0 2.0 1.0
-0.481360493059 14891562.279 5130528.66185 0.982142857143 0.0 2458060.12397 0.0 2.0 0.0
-0.479662226778 14924652.7647 5140551.55896 0.982142857143 0.0 2458060.12604 0.0 2.0 1.0
-0.477963812004 14897537.3735 5132346.47257 0.982142857143 0.0 2458060.12811 0.0 2.0 0.0
-0.44406318083 14893472.4392 5129846.81015 0.982142857143 0.0 2458060.16946 0.0 3.0 0.0
-0.442364722539 14937946.2226 5144613.95959 0.982142857143 0.0 2458060.17154 0.0 3.0 1.0
-0.440666417321 14909974.6115 5136285.21209 0.982142857143 0.0 2458060.17361 0.0 3.0 0.0
-0.438967963229 14943552.601 5146865.01619 0.982142857143 0.0 2458060.17568 0.0 3.0 1.0
-0.43726965992 14907392.0617 5135613.70894 0.982142857143 0.0 2458060.17775 0.0 3.0 0.0
-0.435571208881 14942377.1577 5146893.83082 0.982142857143 0.0 2458060.17982 0.0 3.0 1.0
-0.433872918169 14911404.3566 5136953.20965 0.982142857143 0.0 2458060.18189 0.0 3.0 0.0
-0.432174480491 14944336.845 5147549.19748 0.982142857143 0.0 2458060.18397 0.0 3.0 1.0
-0.430476200086 14916777.3775 5138903.79357 0.982142857143 0.0 2458060.18604 0.0 3.0 0.0
-0.428777772715 14944024.5959 5147102.48066 0.982142857143 0.0 2458060.18811 0.0 3.0 1.0
-0.427079497272 14921744.2818 5140886.70839 0.982142857143 0.0 2458060.19018 0.0 3.0 0.0
-0.425381075245 14952332.0553 5150328.84297 0.982142857143 0.0 2458060.19225 0.0 3.0 1.0
-0.423682812017 14923949.2543 5141685.85384 0.982142857143 0.0 2458060.19433 0.0 3.0 0.0
-0.389782041131 14902841.7101 5133150.86997 0.982142857143 0.0 2458060.23568 0.0 4.0 0.0
-0.388083730569 14949769.0582 5148662.86491 0.982142857143 0.0 2458060.23775 0.0 4.0 1.0
-0.386385269987 14920455.6414 5139719.67873 0.982142857143 0.0 2458060.23982 0.0 4.0 0.0
-0.384686967824 14959091.4076 5152249.45408 0.982142857143 0.0 2458060.2419 0.0 4.0 1.0
-0.382988517167 14930203.8652 5143159.78965 0.982142857143 0.0 2458060.24397 0.0 4.0 0.0
-0.381290222256 14967672.3739 5155321.74286 0.982142857143 0.0 2458060.24604 0.0 4.0 1.0
-0.379591779997 14930147.1243 5143451.26607 0.982142857143 0.0 2458060.24811 0.0 4.0 0.0
-0.377893490048 14968187.6688 5155647.03141 0.982142857143 0.0 2458060.25018 0.0 4.0 1.0
-0.376195053897 14938131.0269 5146817.29415 0.982142857143 0.0 2458060.25225 0.0 4.0 0.0
-0.374496778073 14967543.7954 5155362.32028 0.982142857143 0.0 2458060.25433 0.0 4.0 1.0
-0.372798355664 14934192.4005 5144951.7976 0.982142857143 0.0 2458060.2564 0.0 4.0 0.0
-0.371100088619 14962805.183 5153552.8431 0.982142857143 0.0 2458060.25847 0.0 4.0 1.0
-0.369401674227 14930768.4139 5143855.60933 0.982142857143 0.0 2458060.26054 0.0 4.0 0.0
