#time 		photoelectrons 	error 		visit 	orbit 	scan 	wave_center 	wave_start 	wave_end
0.395048218673 12672054.6434 2058515.73241 0.918684210526 0.0 2458059.9732 0.0 0.0 0.0
0.396746528472 12732256.8984 2068587.57736 0.918684210526 0.0 2458059.97527 0.0 0.0 1.0
0.398444982946 12710226.9833 2065386.33333 0.918684210526 0.0 2458059.97734 0.0 0.0 0.0
0.400143282056 12759471.3505 2073018.67894 0.918684210526 0.0 2458059.97942 0.0 0.0 1.0
0.401841728896 12735506.9855 2069498.7549 0.918684210526 0.0 2458059.98149 0.0 0.0 0.0
0.403540023807 12783387.4682 2076927.26225 0.918684210526 0.0 2458059.98356 0.0 0.0 1.0
0.40523846492 12755948.7758 2072814.04925 0.918684210526 0.0 2458059.98563 0.0 0.0 0.0
0.406936745325 12801115.2597 2079734.75485 0.918684210526 0.0 2458059.9877 0.0 0.0 1.0
0.408635172696 12774246.4829 2075667.3643 0.918684210526 0.0 2458059.98977 0.0 0.0 0.0
0.410333443177 12813890.8413 2081730.6953 0.918684210526 0.0 2458059.99185 0.0 0.0 1.0
0.412031861387 12785891.3313 2077532.26117 0.918684210526 0.0 2458059.99392 0.0 0.0 0.0
0.413730127668 12822299.9839 2082988.57339 0.918684210526 0.0 2458059.99599 0.0 0.0 1.0
0.447374666124 12759194.5663 2071986.22273 0.918684210526 0.0 2458060.03703 0.0 1.0 0.0
0.449073124797 12808138.339 2080463.47685 0.918684210526 0.0 2458060.0391 0.0 1.0 1.0
0.450771430397 12784414.7362 2077127.39495 0.918684210526 0.0 2458060.04118 0.0 1.0 0.0
0.452469885252 12823857.952 2083251.50076 0.918684210526 0.0 2458060.04325 0.0 1.0 1.0
0.454168184745 12794310.0993 2078808.47089 0.918684210526 0.0 2458060.04532 0.0 1.0 0.0
0.455866636546 12827825.7911 2083912.64462 0.918684210526 0.0 2458060.04739 0.0 1.0 1.0
0.457564931457 12798531.6038 2079588.20662 0.918684210526 0.0 2458060.04946 0.0 1.0 0.0
0.459263369135 12829061.6451 2084100.08728 0.918684210526 0.0 2458060.05153 0.0 1.0 1.0
0.460961650304 12795096.2177 2078983.77067 0.918684210526 0.0 2458060.05361 0.0 1.0 0.0
0.462660078057 12830973.3298 2084397.78387 0.918684210526 0.0 2458060.05568 0.0 1.0 1.0
0.464358353118 12793936.114 2078778.53666 0.918684210526 0.0 2458060.05775 0.0 1.0 0.0
0.466056775909 12823032.7558 2083196.95064 0.918684210526 0.0 2458060.05982 0.0 1.0 1.0
0.467755039136 12788281.9075 2077899.22318 0.918684210526 0.0 2458060.06189 0.0 1.0 0.0
-0.498344183106 12763602.5605 2072729.48813 0.918684210526 0.0 2458060.10325 0.0 2.0 0.0
-0.49664587598 12810493.7622 2080812.14814 0.918684210526 0.0 2458060.10532 0.0 2.0 1.0
-0.494947414635 12784099.8781 2077116.6645 0.918684210526 0.0 2458060.10739 0.0 2.0 0.0
-0.49324910789 12813414.0606 2081421.29636 0.918684210526 0.0 2458060.10946 0.0 2.0 1.0
-0.491550656852 12782106.9624 2076789.54954 0.918684210526 0.0 2458060.11154 0.0 2.0 0.0
-0.489852361177 12813163.7524 2081691.6852 0.918684210526 0.0 2458060.11361 0.0 2.0 1.0
-0.488153918537 12777176.4694 2076116.72864 0.918684210526 0.0 2458060.11568 0.0 2.0 0.0
-0.486455628588 12804975.5335 2080251.53513 0.918684210526 0.0 2458060.11775 0.0 2.0 1.0
-0.484757192055 12767635.733 2074536.62014 0.918684210526 0.0 2458060.11982 0.0 2.0 0.0
-0.483058915849 12800334.4622 2079598.46956 0.918684210526 0.0 2458060.12189 0.0 2.0 1.0
-0.481360493059 12769332.3541 2074825.06087 0.918684210526 0.0 2458060.12397 0.0 2.0 0.0
-0.479662226778 12806181.228 2080428.28143 0.918684210526 0.0 2458060.12604 0.0 2.0 1.0
-0.477963812004 12775042.713 2075702.37772 0.918684210526 0.0 2458060.12811 0.0 2.0 0.0
-0.44406318083 12761748.5419 2072298.12237 0.918684210526 0.0 2458060.16946 0.0 3.0 0.0
-0.442364722539 12807744.3781 2080409.77501 0.918684210526 0.0 2458060.17154 0.0 3.0 1.0
-0.440666417321 12784637.8179 2077092.01664 0.918684210526 0.0 2458060.17361 0.0 3.0 0.0
-0.438967963229 12814916.8797 2081744.28561 0.918684210526 0.0 2458060.17568 0.0 3.0 1.0
-0.43726965992 12786720.2539 2077600.12575 0.918684210526 0.0 2458060.17775 0.0 3.0 0.0
-0.435571208881 12818681.1668 2082351.02091 0.918684210526 0.0 2458060.17982 0.0 3.0 1.0
-0.433872918169 12783053.0368 2076917.16414 0.918684210526 0.0 2458060.18189 0.0 3.0 0.0
-0.432174480491 12814489.8871 2081833.15587 0.918684210526 0.0 2458060.18397 0.0 3.0 1.0
-0.430476200086 12785807.0486 2077564.30058 0.918684210526 0.0 2458060.18604 0.0 3.0 0.0
-0.428777772715 12820050.3968 2082571.75065 0.918684210526 0.0 2458060.18811 0.0 3.0 1.0
-0.427079497272 12789369.0563 2078093.302 0.918684210526 0.0 2458060.19018 0.0 3.0 0.0
-0.425381075245 12822981.2866 2083111.83353 0.918684210526 0.0 2458060.19225 0.0 3.0 1.0
-0.423682812017 12792355.9222 2078523.7641 0.918684210526 0.0 2458060.19433 0.0 3.0 0.0
-0.389782041131 12772852.5692 2074013.34485 0.918684210526 0.0 2458060.23568 0.0 4.0 0.0
-0.388083730569 12817894.5609 2082017.29204 0.918684210526 0.0 2458060.23775 0.0 4.0 1.0
-0.386385269987 12792910.1421 2078399.4052 0.918684210526 0.0 2458060.23982 0.0 4.0 0.0
-0.384686967824 12832250.948 2084494.33511 0.918684210526 0.0 2458060.2419 0.0 4.0 1.0
-0.382988517167 12801663.7276 2079873.82328 0.918684210526 0.0 2458060.24397 0.0 4.0 0.0
-0.381290222256 12832770.1292 2084689.88373 0.918684210526 0.0 2458060.24604 0.0 4.0 1.0
-0.379591779997 12806465.4519 2080735.58429 0.918684210526 0.0 2458060.24811 0.0 4.0 0.0
-0.377893490048 12837308.2062 2085391.61391 0.918684210526 0.0 2458060.25018 0.0 4.0 1.0
-0.376195053897 12807997.9793 2081083.59354 0.918684210526 0.0 2458060.25225 0.0 4.0 0.0
-0.374496778073 12836332.8518 2085301.04854 0.918684210526 0.0 2458060.25433 0.0 4.0 1.0
-0.372798355664 12802563.119 2080169.93645 0.918684210526 0.0 2458060.2564 0.0 4.0 0.0
-0.371100088619 12832522.1987 2084654.28186 0.918684210526 0.0 2458060.25847 0.0 4.0 1.0
-0.369401674227 12801965.7622 2080079.01537 0.918684210526 0.0 2458060.26054 0.0 4.0 0.0
