#time 		photoelectrons 	error 		visit 	orbit 	scan 	wave_center 	wave_start 	wave_end
0.395048218673 14780741.4851 2384770.59599 0.979736842105 0.0 2458059.9732 0.0 0.0 0.0
0.396746528472 14855696.6655 2397521.523 0.979736842105 0.0 2458059.97527 0.0 0.0 1.0
0.398444982946 14829378.9005 2393506.73108 0.979736842105 0.0 2458059.97734 0.0 0.0 0.0
0.400143282056 14886685.4025 2402595.09368 0.979736842105 0.0 2458059.97942 0.0 0.0 1.0
0.401841728896 14854661.8051 2397630.15693 0.979736842105 0.0 2458059.98149 0.0 0.0 0.0
0.403540023807 14911813.599 2406659.39055 0.979736842105 0.0 2458059.98356 0.0 0.0 1.0
0.40523846492 14881701.9707 2401994.88397 0.979736842105 0.0 2458059.98563 0.0 0.0 0.0
0.406936745325 14930593.2384 2409688.71954 0.979736842105 0.0 2458059.9877 0.0 0.0 1.0
0.408635172696 14901230.0574 2405088.41581 0.979736842105 0.0 2458059.98977 0.0 0.0 0.0
0.410333443177 14948457.433 2412576.04463 0.979736842105 0.0 2458059.99185 0.0 0.0 1.0
0.412031861387 14912253.6379 2406817.32426 0.979736842105 0.0 2458059.99392 0.0 0.0 0.0
0.413730127668 14960253.0664 2414400.56859 0.979736842105 0.0 2458059.99599 0.0 0.0 1.0
0.447374666124 14881200.3823 2400333.02462 0.979736842105 0.0 2458060.03703 0.0 1.0 0.0
0.449073124797 14944003.4697 2411365.33928 0.979736842105 0.0 2458060.0391 0.0 1.0 1.0
0.450771430397 14910711.9779 2406290.44335 0.979736842105 0.0 2458060.04118 0.0 1.0 0.0
0.452469885252 14957516.4549 2413830.93776 0.979736842105 0.0 2458060.04325 0.0 1.0 1.0
0.454168184745 14920190.7485 2408009.63924 0.979736842105 0.0 2458060.04532 0.0 1.0 0.0
0.455866636546 14962631.2161 2414743.43948 0.979736842105 0.0 2458060.04739 0.0 1.0 1.0
0.457564931457 14926098.5121 2409072.39654 0.979736842105 0.0 2458060.04946 0.0 1.0 0.0
0.459263369135 14961482.695 2414530.55232 0.979736842105 0.0 2458060.05153 0.0 1.0 1.0
0.460961650304 14923379.3291 2408565.7699 0.979736842105 0.0 2458060.05361 0.0 1.0 0.0
0.462660078057 14964619.715 2415117.88991 0.979736842105 0.0 2458060.05568 0.0 1.0 1.0
0.464358353118 14921737.7398 2408388.10649 0.979736842105 0.0 2458060.05775 0.0 1.0 0.0
0.466056775909 14957082.4767 2413870.67694 0.979736842105 0.0 2458060.05982 0.0 1.0 1.0
0.467755039136 14919503.7405 2407947.76652 0.979736842105 0.0 2458060.06189 0.0 1.0 0.0
-0.498344183106 14882039.4592 2400499.86289 0.979736842105 0.0 2458060.10325 0.0 2.0 0.0
-0.49664587598 14940976.8436 2410981.1851 0.979736842105 0.0 2458060.10532 0.0 2.0 1.0
-0.494947414635 14907478.7427 2405897.6606 0.979736842105 0.0 2458060.10739 0.0 2.0 0.0
-0.49324910789 14946808.1709 2412064.13045 0.979736842105 0.0 2458060.10946 0.0 2.0 1.0
-0.491550656852 14907408.2023 2405958.2109 0.979736842105 0.0 2458060.11154 0.0 2.0 0.0
-0.489852361177 14944333.9248 2411856.50605 0.979736842105 0.0 2458060.11361 0.0 2.0 1.0
-0.488153918537 14898053.3492 2404589.83834 0.979736842105 0.0 2458060.11568 0.0 2.0 0.0
-0.486455628588 14933580.6697 2410088.62834 0.979736842105 0.0 2458060.11775 0.0 2.0 1.0
-0.484757192055 14896560.6674 2404281.05906 0.979736842105 0.0 2458060.11982 0.0 2.0 0.0
-0.483058915849 14931098.2872 2409763.24037 0.979736842105 0.0 2458060.12189 0.0 2.0 1.0
-0.481360493059 14891767.9275 2403499.09456 0.979736842105 0.0 2458060.12397 0.0 2.0 0.0
-0.479662226778 14933082.5894 2410042.0827 0.979736842105 0.0 2458060.12604 0.0 2.0 1.0
-0.477963812004 14899537.4789 2404755.65054 0.979736842105 0.0 2458060.12811 0.0 2.0 0.0
-0.44406318083 14885629.9451 2400947.24934 0.979736842105 0.0 2458060.16946 0.0 3.0 0.0
-0.442364722539 14943734.9737 2411402.02183 0.979736842105 0.0 2458060.17154 0.0 3.0 1.0
-0.440666417321 14909636.1308 2406130.5727 0.979736842105 0.0 2458060.17361 0.0 3.0 0.0
-0.438967963229 14949389.6982 2412471.46679 0.979736842105 0.0 2458060.17568 0.0 3.0 1.0
-0.43726965992 14908253.589 2406135.77687 0.979736842105 0.0 2458060.17775 0.0 3.0 0.0
-0.435571208881 14950904.0532 2412808.64247 0.979736842105 0.0 2458060.17982 0.0 3.0 1.0
-0.433872918169 14911288.0313 2406540.35611 0.979736842105 0.0 2458060.18189 0.0 3.0 0.0
-0.432174480491 14953309.302 2413267.10045 0.979736842105 0.0 2458060.18397 0.0 3.0 1.0
-0.430476200086 14916466.7166 2407545.81667 0.979736842105 0.0 2458060.18604 0.0 3.0 0.0
-0.428777772715 14952319.2861 2413044.32891 0.979736842105 0.0 2458060.18811 0.0 3.0 1.0
-0.427079497272 14920913.5365 2408231.54231 0.979736842105 0.0 2458060.19018 0.0 3.0 0.0
-0.425381075245 14957670.2118 2413942.81445 0.979736842105 0.0 2458060.19225 0.0 3.0 1.0
-0.423682812017 14923205.6939 2408607.85407 0.979736842105 0.0 2458060.19433 0.0 3.0 0.0
-0.389782041131 14897135.6135 2402702.32754 0.979736842105 0.0 2458060.23568 0.0 4.0 0.0
-0.388083730569 14953507.677 2412782.82646 0.979736842105 0.0 2458060.23775 0.0 4.0 1.0
-0.386385269987 14922434.9023 2408182.03721 0.979736842105 0.0 2458060.23982 0.0 4.0 0.0
-0.384686967824 14966543.6425 2415242.26842 0.979736842105 0.0 2458060.2419 0.0 4.0 1.0
-0.382988517167 14930338.1519 2409573.26014 0.979736842105 0.0 2458060.24397 0.0 4.0 0.0
-0.381290222256 14972810.3437 2416332.85509 0.979736842105 0.0 2458060.24604 0.0 4.0 1.0
-0.379591779997 14932349.462 2409913.88447 0.979736842105 0.0 2458060.24811 0.0 4.0 0.0
-0.377893490048 14974270.4298 2416631.84598 0.979736842105 0.0 2458060.25018 0.0 4.0 1.0
-0.376195053897 14936461.3373 2410739.80448 0.979736842105 0.0 2458060.25225 0.0 4.0 0.0
-0.374496778073 14972747.3807 2416329.09233 0.979736842105 0.0 2458060.25433 0.0 4.0 1.0
-0.372798355664 14932995.9791 2410104.98861 0.979736842105 0.0 2458060.2564 0.0 4.0 0.0
-0.371100088619 14969925.8139 2415867.52577 0.979736842105 0.0 2458060.25847 0.0 4.0 1.0
-0.369401674227 14931049.3587 2409852.52493 0.979736842105 0.0 2458060.26054 0.0 4.0 0.0
