#time 		photoelectrons 	error 		visit 	orbit 	scan 	wave_center 	wave_start 	wave_end
0.395048218673 11817060.6309 1922467.67511 0.903421052632 0.0 2458059.9732 0.0 0.0 0.0
0.396746528472 11874948.4521 1932197.08128 0.903421052632 0.0 2458059.97527 0.0 0.0 1.0
0.398444982946 11855278.2823 1929284.01282 0.903421052632 0.0 2458059.97734 0.0 0.0 0.0
0.400143282056 11902344.8614 1936631.92174 0.903421052632 0.0 2458059.97942 0.0 0.0 1.0
0.401841728896 11877696.3889 1932894.11334 0.903421052632 0.0 2458059.98149 0.0 0.0 0.0
0.403540023807 11921640.6652 1939845.14698 0.903421052632 0.0 2458059.98356 0.0 0.0 1.0
0.40523846492 11898857.779 1936281.7817 0.903421052632 0.0 2458059.98563 0.0 0.0 0.0
0.406936745325 11938691.2691 1942500.42919 0.903421052632 0.0 2458059.9877 0.0 0.0 1.0
0.408635172696 11913618.0048 1938648.13358 0.903421052632 0.0 2458059.98977 0.0 0.0 0.0
0.410333443177 11951409.1809 1944476.82519 0.903421052632 0.0 2458059.99185 0.0 0.0 1.0
0.412031861387 11923592.8977 1940242.64221 0.903421052632 0.0 2458059.99392 0.0 0.0 0.0
0.413730127668 11957086.801 1945328.96075 0.903421052632 0.0 2458059.99599 0.0 0.0 1.0
0.447374666124 11900685.3618 1935399.2746 0.903421052632 0.0 2458060.03703 0.0 1.0 0.0
0.449073124797 11946603.509 1943376.35413 0.903421052632 0.0 2458060.0391 0.0 1.0 1.0
0.450771430397 11922936.6333 1939966.30523 0.903421052632 0.0 2458060.04118 0.0 1.0 0.0
0.452469885252 11960122.6719 1945756.17261 0.903421052632 0.0 2458060.04325 0.0 1.0 1.0
0.454168184745 11932241.7416 1941559.43943 0.903421052632 0.0 2458060.04532 0.0 1.0 0.0
0.455866636546 11962767.361 1946208.83819 0.903421052632 0.0 2458060.04739 0.0 1.0 1.0
0.457564931457 11936682.9667 1942361.30244 0.903421052632 0.0 2458060.04946 0.0 1.0 0.0
0.459263369135 11961888.4223 1946107.23616 0.903421052632 0.0 2458060.05153 0.0 1.0 1.0
0.460961650304 11933052.4925 1941723.6522 0.903421052632 0.0 2458060.05361 0.0 1.0 0.0
0.462660078057 11965567.5318 1946694.55438 0.903421052632 0.0 2458060.05568 0.0 1.0 1.0
0.464358353118 11933778.2464 1941831.73244 0.903421052632 0.0 2458060.05775 0.0 1.0 0.0
0.466056775909 11961038.4184 1945964.54461 0.903421052632 0.0 2458060.05982 0.0 1.0 1.0
0.467755039136 11930420.2876 1941275.91387 0.903421052632 0.0 2458060.06189 0.0 1.0 0.0
-0.498344183106 11903941.6313 1935958.62858 0.903421052632 0.0 2458060.10325 0.0 2.0 0.0
-0.49664587598 11944895.4233 1943098.66237 0.903421052632 0.0 2458060.10532 0.0 2.0 1.0
-0.494947414635 11923060.1401 1939973.87537 0.903421052632 0.0 2458060.10739 0.0 2.0 0.0
-0.49324910789 11951382.3626 1944249.87156 0.903421052632 0.0 2458060.10946 0.0 2.0 1.0
-0.491550656852 11921983.5126 1939838.67967 0.903421052632 0.0 2458060.11154 0.0 2.0 0.0
-0.489852361177 11948146.4187 1943961.51711 0.903421052632 0.0 2458060.11361 0.0 2.0 1.0
-0.488153918537 11917225.3001 1939182.78406 0.903421052632 0.0 2458060.11568 0.0 2.0 0.0
-0.486455628588 11941320.2449 1942804.89881 0.903421052632 0.0 2458060.11775 0.0 2.0 1.0
-0.484757192055 11908031.8862 1937670.43778 0.903421052632 0.0 2458060.11982 0.0 2.0 0.0
-0.483058915849 11937575.9266 1942238.4684 0.903421052632 0.0 2458060.12189 0.0 2.0 1.0
-0.481360493059 11911490.781 1938192.54797 0.903421052632 0.0 2458060.12397 0.0 2.0 0.0
-0.479662226778 11941654.5622 1942861.62303 0.903421052632 0.0 2458060.12604 0.0 2.0 1.0
-0.477963812004 11918637.0532 1939316.03319 0.903421052632 0.0 2458060.12811 0.0 2.0 0.0
-0.44406318083 11904555.2893 1935959.45823 0.903421052632 0.0 2458060.16946 0.0 3.0 0.0
-0.442364722539 11948691.8276 1943721.13275 0.903421052632 0.0 2458060.17154 0.0 3.0 1.0
-0.440666417321 11922461.0251 1939844.16784 0.903421052632 0.0 2458060.17361 0.0 3.0 0.0
-0.438967963229 11951357.6902 1944310.37446 0.903421052632 0.0 2458060.17568 0.0 3.0 1.0
-0.43726965992 11924885.5949 1940355.65406 0.903421052632 0.0 2458060.17775 0.0 3.0 0.0
-0.435571208881 11953624.8072 1944676.73315 0.903421052632 0.0 2458060.17982 0.0 3.0 1.0
-0.433872918169 11923439.6095 1940025.02163 0.903421052632 0.0 2458060.18189 0.0 3.0 0.0
-0.432174480491 11954333.4549 1944898.72917 0.903421052632 0.0 2458060.18397 0.0 3.0 1.0
-0.430476200086 11924843.299 1940425.39119 0.903421052632 0.0 2458060.18604 0.0 3.0 0.0
-0.428777772715 11955668.0465 1944992.8456 0.903421052632 0.0 2458060.18811 0.0 3.0 1.0
-0.427079497272 11932297.5475 1941643.47362 0.903421052632 0.0 2458060.19018 0.0 3.0 0.0
-0.425381075245 11958126.0855 1945398.79377 0.903421052632 0.0 2458060.19225 0.0 3.0 1.0
-0.423682812017 11934501.5642 1941922.54049 0.903421052632 0.0 2458060.19433 0.0 3.0 0.0
-0.389782041131 11912143.6782 1936993.44588 0.903421052632 0.0 2458060.23568 0.0 4.0 0.0
-0.388083730569 11957597.1988 1945126.40388 0.903421052632 0.0 2458060.23775 0.0 4.0 1.0
-0.386385269987 11932390.5092 1941390.38205 0.903421052632 0.0 2458060.23982 0.0 4.0 0.0
-0.384686967824 11965627.8988 1946539.7064 0.903421052632 0.0 2458060.2419 0.0 4.0 1.0
-0.382988517167 11942319.5305 1943021.67225 0.903421052632 0.0 2458060.24397 0.0 4.0 0.0
-0.381290222256 11970935.383 1947524.72494 0.903421052632 0.0 2458060.24604 0.0 4.0 1.0
-0.379591779997 11944078.7556 1943416.18678 0.903421052632 0.0 2458060.24811 0.0 4.0 0.0
-0.377893490048 11972270.6059 1947761.85697 0.903421052632 0.0 2458060.25018 0.0 4.0 1.0
-0.376195053897 11943793.2564 1943473.21645 0.903421052632 0.0 2458060.25225 0.0 4.0 0.0
-0.374496778073 11973323.8458 1947938.57441 0.903421052632 0.0 2458060.25433 0.0 4.0 1.0
-0.372798355664 11941924.1146 1943089.71707 0.903421052632 0.0 2458060.2564 0.0 4.0 0.0
-0.371100088619 11966415.2984 1946759.4025 0.903421052632 0.0 2458060.25847 0.0 4.0 1.0
-0.369401674227 11937667.4462 1942446.78258 0.903421052632 0.0 2458060.26054 0.0 4.0 0.0
