0.39504821867330975 1790540227.0426881 1863321424.918765 1788043665.663064 2047444277.869514 2458059.9732004823 0 0 0
0.3967465284717946 1799486303.6417534 1872641962.1316767 1796908412.9023328 2054829020.6954741 2458059.975272201 0 0 1
0.3984449829458754 1796294606.857008 1869465492.454124 1794060435.5840535 2051141409.9616225 2458059.977344096 0 0 0
0.4001432820559785 1803310969.0908945 1876754132.5180569 1800731527.6771162 2060269464.7192106 2458059.979415802 0 0 1
0.40184172889576075 1798936197.6711538 1871135022.4450831 1796667323.8290434 2050503341.8148217 2458059.9814876877 0 0 0
0.4035400238067268 1806529832.7719727 1880296523.5916314 1804008244.9188268 2059821525.5078094 2458059.983559388 0 0 1
0.4052384649198757 1802872164.578642 1876579627.4330726 1800723556.4400535 2061183880.7395093 2458059.985631267 0 0 0
0.40693674532531077 1809616921.4505734 1883893229.768748 1807074105.9267688 2066582000.108633 2458059.98770295 0 0 1
0.40863517269644944 1805424612.4239154 1879225166.8782659 1803202550.8736129 2061596288.4016895 2458059.989774812 0 0 0
0.4103334431770236 1810721408.726345 1883902848.666996 1808033980.1692202 2064961086.1369994 2458059.9918464827 0 0 1
0.41203186138682213 1806276753.97619 1879158748.2907243 1803936227.8671277 2060058336.8432975 2458059.9939183337 0 0 0
0.4137301276678045 1811580758.3648841 1884795014.7167087 1808846705.1577327 2067730354.2934995 2458059.9959899993 0 0 1
0.44737466612423304 1803053700.4191222 1875202528.7576387 1800058488.275443 2060895565.3432117 2458060.0370319923 0 1 0
0.4490731247974509 1810265965.9090374 1883417538.4172018 1807293507.2856703 2066634918.9745462 2458060.0391038926 0 1 1
0.4507714303967987 1806004852.064043 1878751753.6928627 1803578594.6226444 2061149676.2246125 2458060.041175606 0 1 0
0.4524698852524125 1812541358.7936263 1886650323.3861895 1809675398.2680712 2074656539.3992863 2458060.043247502 0 1 1
0.4541681847445034 1807649455.7753973 1881193752.073232 1805301451.5937297 2064385603.64728 2458060.045319208 0 1 0
0.45586663654648873 1812895392.759365 1886697666.0312014 1810095097.9181137 2070191969.3244314 2458060.0473911 0 1 1
0.4575649314574548 1808442633.021227 1882345297.7749543 1805949070.8287888 2065987031.6515 2458060.0494628004 0 1 0
0.4592633691354422 1812470502.4802203 1885767552.581147 1809598101.8668938 2068306165.7440395 2458060.051534675 0 1 1
0.4609616503039433 1807351749.5018024 1880041009.8071532 1804922905.8269608 2062272674.1892445 2458060.053606359 0 1 0
0.46266007805706977 1812457757.841229 1885593330.4405868 1809501040.7921705 2070310170.9983573 2458060.0556782214 0 1 1
0.4643583531178592 1807855173.4010782 1881424748.923319 1805409538.9236612 2064037216.8195887 2458060.0577498977 0 1 0
0.4660567759087826 1812646539.4001508 1886425354.247838 1809658146.1432438 2071305864.0296173 2458060.059821754 0 1 1
0.4677550391361365 1807195265.72721 1880429935.7742774 1805030016.9080749 2063023464.0699754 2458060.061893416 0 1 0
-0.49834418310638284 1803106030.3726568 1875073414.96692 1800188525.8936458 2059495579.8980508 2458060.103247988 0 2 0
-0.49664587597999343 1810675456.9246027 1884544241.1816921 1807480678.4258976 2070296848.502306 2458060.1053197035 0 2 1
-0.49494741463468017 1806119086.810226 1879517101.7951703 1803640511.8636184 2060333508.194022 2458060.107391607 0 2 0
-0.49324910789027854 1810417987.9492662 1883377947.6648548 1807429767.4702845 2064815910.6447604 2458060.109463322 0 2 1
-0.491550656851814 1806893051.2171636 1881618736.4479206 1804505889.4271114 2068263419.3287063 2458060.111535213 0 2 0
-0.4898523611773271 1811053608.1689844 1885477362.715876 1808147119.4369683 2070782802.8538077 2458060.1136069144 0 2 1
-0.4881539185366819 1804955678.091013 1878164940.0099456 1802430768.7976139 2061576156.6994433 2458060.115678795 0 2 0
-0.48645562858837366 1808497038.1622467 1881000108.883917 1805526787.8545313 2061361844.7666938 2458060.1177504896 0 2 1
-0.4847571920554401 1804462658.4096522 1878054636.6028895 1802093483.445817 2060171242.3986354 2458060.119822363 0 2 0
-0.48305891584914207 1809118526.240316 1882769979.5907145 1806097459.1658783 2066785335.8396463 2458060.1218940406 0 2 1
-0.48136049305867346 1803917755.779152 1876628916.7615037 1801437362.107572 2057699497.7994578 2458060.123965897 0 2 0
-0.4796622267776911 1809660834.554832 1883335800.709908 1806670773.5999508 2068004930.8232565 2458060.1260375627 0 2 1
-0.4779638120035088 1804683455.6893349 1877105659.5905557 1802325029.2609756 2055004728.2742524 2458060.1281094095 0 2 0
-0.4440631808301987 1803653439.0059783 1875826709.1446528 1800586224.6536179 2061911687.361118 2458060.1694638026 0 3 0
-0.4423647225385139 1809534008.8452108 1882026033.620563 1806279631.8847928 2066474925.7038794 2458060.1715357024 0 3 1
-0.44066641732115386 1807111687.263406 1881534892.0702555 1804651005.0007362 2067060263.9463124 2458060.1736074155 0 3 0
-0.4389679632286061 1810594907.2606158 1883278282.2378113 1807539965.9635007 2066094017.086914 2458060.17567931 0 3 1
-0.4372696599198207 1807217690.4900093 1881366894.4811485 1804838270.4124413 2066254625.8737469 2458060.177751021 0 3 0
-0.4355712088809014 1811168938.8365958 1884483109.3863082 1808235697.428238 2065919181.8021483 2458060.179822912 0 3 1
-0.43387291816907236 1806549530.3273716 1879716794.4768329 1804003318.7562065 2062832613.9192045 2458060.1818946074 0 3 0
-0.432174480491085 1810927475.0702822 1883679601.519509 1808056072.393537 2063354728.9412603 2458060.183966482 0 3 1
-0.43047620008610465 1807381034.4258852 1881398124.7089171 1804917016.3462698 2065069791.6065598 2458060.186038165 0 3 0
-0.42877777271451123 1811263366.0581782 1884018707.8532267 1808303116.6877494 2066717797.5794716 2458060.188110027 0 3 1
-0.427079497271734 1807602988.6100364 1881128671.5720367 1805167350.6572204 2065467507.7559304 2458060.190181704 0 3 0
-0.4253810752447862 1813029938.2645137 1887315908.206487 1810113550.1390162 2073707433.7287076 2458060.1922535594 0 3 1
-0.4236828120174323 1807804462.492894 1881000548.3458996 1805473664.4541638 2063406379.0717578 2458060.1943252212 0 3 0
-0.3897820411311841 1804427819.1148717 1875930099.714641 1801286966.3931036 2060367248.7415257 2458060.235679785 0 4 0
-0.38808373056917844 1811238746.74258 1883771091.242992 1808099332.0215888 2067219060.128357 2458060.2377515044 0 4 1
-0.386385269987386 1808116106.6440551 1881644409.655886 1805527654.992167 2063705154.2914925 2458060.239823407 0 4 0
-0.3846869678236544 1813290534.52462 1886997674.4345012 1810323419.663928 2071594765.2337942 2458060.2418951164 0 4 1
-0.3829885171667229 1808987946.7208889 1882467803.3952382 1806535569.643012 2063755722.7844758 2458060.243967007 0 4 0
-0.3812902222557568 1813944069.9381661 1887723326.867543 1811042161.6233032 2071860810.6048527 2458060.2460387074 0 4 1
-0.37959177999709937 1809772973.8452206 1883836059.5972886 1807372041.3272882 2068939275.3514 2458060.2481105877 0 4 0
-0.3778934900483364 1813919301.562293 1887237164.7018352 1811066408.537952 2068177056.2766678 2458060.250182282 0 4 1
-0.3761950538973906 1809025421.7414756 1881828133.5580032 1806553974.8713832 2064312901.545061 2458060.252254155 0 4 0
-0.37449677807308035 1813832385.8058915 1887216674.181858 1810896950.8537548 2069484554.8684916 2458060.2543258322 0 4 1
-0.37279835566414476 1809288357.5621486 1883049585.7785146 1806979232.8985944 2065984402.2243452 2458060.2563976883 0 4 0
-0.37110008861918686 1813451317.582159 1886799122.0973434 1810589734.886454 2071435947.5517077 2458060.258469355 0 4 1
-0.3694016742269923 1808613794.8983526 1881850802.9289389 1806166668.2968037 2064037965.0897439 2458060.260541201 0 4 0
