0.807 0.000314 0.000079 0.300 0.000 3.17
0.822 0.000451 0.000072 0.300 0.000 2.71
0.836 0.000441 0.000062 0.300 0.000 1.88
0.851 0.000355 0.000058 0.300 0.000 2.99
0.866 0.000518 0.000057 0.300 0.000 4.97
0.880 0.000519 0.000053 0.300 0.000 2.57
0.895 0.000540 0.000050 0.300 0.000 3.12
0.909 0.000515 0.000049 0.300 0.000 3.78
0.924 0.000543 0.000046 0.300 0.000 3.86
0.939 0.000642 0.000046 0.300 0.000 3.04
0.953 0.000738 0.000045 0.300 0.000 3.45
0.968 0.000766 0.000045 0.300 0.000 2.41
0.982 0.000726 0.000044 0.300 0.000 2.27
0.997 0.000677 0.000044 0.300 0.000 3.74
1.011 0.000821 0.000045 0.300 0.000 4.04
1.026 0.000714 0.000044 0.300 0.000 3.58
1.041 0.000752 0.000044 0.300 0.000 3.37
1.055 0.000803 0.000045 0.300 0.000 5.31
1.070 0.000809 0.000045 0.300 0.000 5.39
1.084 0.000812 0.000045 0.300 0.000 5.93
1.099 0.000842 0.000046 0.300 0.000 6.76
1.114 0.000844 0.000046 0.300 0.000 4.89
1.128 0.000830 0.000048 0.300 0.000 7.22
1.143 0.000913 0.000053 0.300 0.000 16.87
