0.395048218673 1785002037.39 1847552548.06 1784148119.61 1905406433.96 2458059.9732 0 0 0
0.396746528472 1793214683.35 1855590681.31 1792445271.52 1913902443.78 2458059.97527 0 0 1
0.398444982946 1790154707.92 1852531616.25 1789380739.29 1911298614.42 2458059.97734 0 0 0
0.400143282056 1796732466.97 1859006748.1 1795972844.45 1917401434.22 2458059.97942 0 0 1
0.401841728896 1793798763.02 1856519714.75 1793109550.15 1913313904.87 2458059.98149 0 0 0
0.403540023807 1799750177.63 1861839636.86 1799013163.07 1919307536.57 2458059.98356 0 0 1
0.40523846492 1796603420.56 1859312971.82 1795851629.58 1917057820.58 2458059.98563 0 0 0
0.406936745325 1802497169.72 1864666580.46 1801850483.17 1922737627.81 2458059.9877 0 0 1
0.408635172696 1798847677.79 1861194785.06 1798014844.16 1919387302.42 2458059.98977 0 0 0
0.410333443177 1804462485.32 1867007603.66 1803639296.37 1925793841.42 2458059.99185 0 0 1
0.412031861387 1800660252.87 1863423714.51 1799876982.41 1920657402.09 2458059.99392 0 0 0
0.413730127668 1805245942.49 1867584194.99 1804478650.36 1924947707.67 2458059.99599 0 0 1
0.447374666124 1797797586.38 1860161015.48 1796818168.92 1918476539.93 2458060.03703 0 1 0
0.449073124797 1803764648.38 1865771978.76 1802963361.41 1924192032.56 2458060.0391 0 1 1
0.450771430397 1800357524.16 1862992307.93 1799647751.65 1920776912.65 2458060.04118 0 1 0
0.452469885252 1805528656.88 1867923740.03 1804729980.14 1926353084.87 2458060.04325 0 1 1
0.454168184745 1801446838.32 1863994952.02 1800657403.54 1922105657.92 2458060.04532 0 1 0
0.455866636546 1806011254.29 1868312408.41 1805266390.56 1927485345.21 2458060.04739 0 1 1
0.457564931457 1801869786.76 1864483639.56 1800927178.91 1923186320.8 2458060.04946 0 1 0
0.459263369135 1806002036.16 1868199123.67 1805203433.22 1925959130.62 2458060.05153 0 1 1
0.460961650304 1802010728.62 1864996728.23 1801309500.21 1922328307.18 2458060.05361 0 1 0
0.462660078057 1806136861.34 1868738363.83 1805213845.26 1927689754.98 2458060.05568 0 1 1
0.464358353118 1801711972.42 1864404521.82 1800902938.07 1922633537.56 2458060.05775 0 1 0
0.466056775909 1805774533.32 1868126691.61 1804956149.03 1927352945.04 2458060.05982 0 1 1
0.467755039136 1801321222.81 1864102212.51 1800536694.07 1922717985.11 2458060.06189 0 1 0
-0.498344183106 1797952808.79 1860321982.49 1797060565.52 1919142862.46 2458060.10325 0 2 0
-0.49664587598 1803714510.56 1865996123.15 1802872985.88 1926582880.64 2458060.10532 0 2 1
-0.494947414635 1799947086.92 1862461945.53 1799075943.12 1921416428.57 2458060.10739 0 2 0
-0.49324910789 1804110606.96 1866219564.78 1803314156.86 1924321390.94 2458060.10946 0 2 1
-0.491550656852 1799402871.06 1861454232.81 1798460133.85 1921183514.11 2458060.11154 0 2 0
-0.489852361177 1803712258.8 1866158400.14 1802921340.26 1927143288.55 2458060.11361 0 2 1
-0.488153918537 1799189741.49 1862103982.67 1798369335.79 1919405927.15 2458060.11568 0 2 0
-0.486455628588 1802696807.21 1865088481.54 1801833888.29 1923149726.78 2458060.11775 0 2 1
-0.484757192055 1798021056.91 1860370752.55 1797160597.18 1918560233.69 2458060.11982 0 2 0
-0.483058915849 1802350354.36 1864736249.62 1801519512.75 1923779973.15 2458060.12189 0 2 1
-0.481360493059 1798292746.33 1860872671.33 1797587406.5 1917878499.19 2458060.12397 0 2 0
-0.479662226778 1802825581.35 1864985078.02 1801975177.9 1922930580.49 2458060.12604 0 2 1
-0.477963812004 1799146866.59 1861557317.48 1798437502.42 1919384910.85 2458060.12811 0 2 0
-0.44406318083 1798147118.83 1860133397.75 1797238470.18 1918544665.19 2458060.16946 0 3 0
-0.442364722539 1803732441.16 1866141930.02 1802776196.85 1924216629.29 2458060.17154 0 3 1
-0.440666417321 1800153160.69 1862621577.69 1799214449.21 1922341620.27 2458060.17361 0 3 0
-0.438967963229 1804458405.38 1866616693.54 1803582469.92 1924778124.96 2458060.17568 0 3 1
-0.43726965992 1800345166.53 1862731983.71 1799473383.2 1921977435.48 2458060.17775 0 3 0
-0.435571208881 1804740738.19 1866955424.47 1803944730.84 1925145220.06 2458060.17982 0 3 1
-0.433872918169 1800445276.29 1862997264.84 1799599244.4 1921690219.41 2458060.18189 0 3 0
-0.432174480491 1804982957.71 1867360399.77 1804157600.77 1925350447.32 2458060.18397 0 3 1
-0.430476200086 1800679243.89 1863110692.17 1799769321.44 1921686508.38 2458060.18604 0 3 0
-0.428777772715 1805148246.26 1867430171.19 1804299176.28 1925432724.6 2458060.18811 0 3 1
-0.427079497272 1801585433.45 1864473968.12 1800757358.81 1922769934.31 2458060.19018 0 3 0
-0.425381075245 1805711797.06 1867909122.16 1804974754.55 1926828605.21 2458060.19225 0 3 1
-0.423682812017 1801962119.78 1864690395.39 1801208855.18 1922352729.46 2458060.19433 0 3 0
-0.389782041131 1799524280.1 1861681405.53 1798649228.82 1919881186.62 2458060.23568 0 4 0
-0.388083730569 1805193315.88 1867230221.46 1804324892.43 1925305100.02 2458060.23775 0 4 1
-0.386385269987 1801609390.93 1863791285.76 1800694239.29 1922135303.52 2458060.23982 0 4 0
-0.384686967824 1806428374.42 1868548375.09 1805588654.38 1926739561.49 2458060.2419 0 4 1
-0.382988517167 1802583087.51 1864863158.37 1801728692.33 1922866865.31 2458060.24397 0 4 0
-0.381290222256 1807123872.07 1869504980.67 1806406458.12 1928239572.75 2458060.24604 0 4 1
-0.379591779997 1803035193.69 1865515233.84 1802234408.41 1924083979.47 2458060.24811 0 4 0
-0.377893490048 1807467804.23 1869774402.36 1806680941.95 1928283934.86 2458060.25018 0 4 1
-0.376195053897 1803843364.35 1867167641.84 1803064734.38 1924649360.07 2458060.25225 0 4 0
-0.374496778073 1807187581.74 1869238455.83 1806370424.02 1927484390.43 2458060.25433 0 4 1
-0.372798355664 1803001976.65 1865813316.0 1802229393.86 1925613532.79 2458060.2564 0 4 0
-0.371100088619 1806826514.9 1869011769.34 1806106583.54 1927287660.13 2458060.25847 0 4 1
-0.369401674227 1802661090.52 1865307882.18 1801893154.78 1923040788.69 2458060.26054 0 4 0
