0.395048218673 1188908527.06 1230664502.67 1188321204.57 1272119969.48 2458059.9732 0 0 0
0.396746528472 1195010585.82 1236671417.13 1194521133.85 1278186923.18 2458059.97527 0 0 1
0.398444982946 1192226494.86 1233971364.6 1191694848.44 1275418320.97 2458059.97734 0 0 0
0.400143282056 1197287099.28 1238895943.22 1196772765.64 1280485529.29 2458059.97942 0 0 1
0.401841728896 1194557914.96 1236620240.24 1194135118.14 1277660165.07 2458059.98149 0 0 0
0.403540023807 1199259850.18 1240816842.49 1198794323.16 1282414537.14 2458059.98356 0 0 1
0.40523846492 1196413660.03 1238292362.54 1195836472.34 1279607940.95 2458059.98563 0 0 0
0.406936745325 1201156725.73 1242765729.89 1200668002.58 1284327450.85 2458059.9877 0 0 1
0.408635172696 1197950220.55 1239621973.42 1197295062.35 1281232824.39 2458059.98977 0 0 0
0.410333443177 1202329273.24 1243984320.31 1201755099.78 1285564575.53 2458059.99185 0 0 1
0.412031861387 1199168370.13 1241295224.26 1198627150.94 1282211515.09 2458059.99392 0 0 0
0.413730127668 1202944491.42 1244629083.95 1202426820.32 1286168478.08 2458059.99599 0 0 1
0.447374666124 1197139003.84 1238722079.3 1196462252.63 1280382515.31 2458060.03703 0 1 0
0.449073124797 1201843035.72 1243213421.94 1201305972.56 1285098584.53 2458060.0391 0 1 1
0.450771430397 1198876256.06 1240790725.17 1198364746.25 1282066752.73 2458060.04118 0 1 0
0.452469885252 1203084301.47 1244647100.64 1202557389.87 1286366855.28 2458060.04325 0 1 1
0.454168184745 1199601037.14 1241448440.4 1199041100.52 1282958677.89 2458060.04532 0 1 0
0.455866636546 1203354554.31 1244868192.1 1202861596.55 1286602219.82 2458060.04739 0 1 1
0.457564931457 1199828850.99 1241665699.52 1199184840.34 1283105406.42 2458060.04946 0 1 0
0.459263369135 1203403444.15 1244976017.62 1202836819.62 1286683391.79 2458060.05153 0 1 1
0.460961650304 1200105289.02 1242385151.49 1199635719.11 1283212992.92 2458060.05361 0 1 0
0.462660078057 1203410782.62 1245172892.25 1202759100.35 1286782358.76 2458060.05568 0 1 1
0.464358353118 1199822647.53 1241813482.54 1199288331.87 1283011973.16 2458060.05775 0 1 0
0.466056775909 1203195951.97 1244750672.16 1202600654.69 1286444356.59 2458060.05982 0 1 1
0.467755039136 1199477112.73 1241492717.3 1198966206.27 1282702494.23 2458060.06189 0 1 0
-0.498344183106 1197242594.27 1238932578.4 1196652720.78 1280651755.84 2458060.10325 0 2 0
-0.49664587598 1201789041.5 1243169323.86 1201214360.27 1285047183.49 2458060.10532 0 2 1
-0.494947414635 1198543909.84 1240300966.29 1197946906.94 1281806561.51 2458060.10739 0 2 0
-0.49324910789 1202060592.71 1243459694.08 1201555297.74 1285259616.23 2458060.10946 0 2 1
-0.491550656852 1198194718.84 1239581363.92 1197457294.42 1281594375.8 2458060.11154 0 2 0
-0.489852361177 1201755502.87 1243318998.87 1201182889.33 1285059444.14 2458060.11361 0 2 1
-0.488153918537 1198169431.73 1240388089.1 1197602456.89 1281193773.28 2458060.11568 0 2 0
-0.486455628588 1201215985.22 1242930376.48 1200576536.86 1284455956.11 2458060.11775 0 2 1
-0.484757192055 1197245985.48 1238834194.76 1196641220.99 1280587286.27 2458060.11982 0 2 0
-0.483058915849 1200936424.75 1242568303.85 1200373610.64 1284175831.51 2458060.12189 0 2 1
-0.481360493059 1197544730.02 1239535186.86 1196991452.9 1280605322.85 2458060.12397 0 2 0
-0.479662226778 1201345010.92 1242911526.21 1200765280.44 1284543617.83 2458060.12604 0 2 1
-0.477963812004 1197964761.53 1239667649.04 1197480976.7 1281215459.01 2458060.12811 0 2 0
-0.44406318083 1197391818.9 1238825369.7 1196696836.26 1280838596.35 2458060.16946 0 3 0
-0.442364722539 1201910781.54 1243590055.19 1201192894.04 1285336194.58 2458060.17154 0 3 1
-0.440666417321 1198697489.34 1240385146.49 1198017767.79 1282017753.09 2458060.17361 0 3 0
-0.438967963229 1202405420.77 1243997440.3 1201762732.58 1285690078.17 2458060.17568 0 3 1
-0.43726965992 1198823066.8 1240394971.96 1198156277.77 1282198164.42 2458060.17775 0 3 0
-0.435571208881 1202495335.4 1243977593.01 1201947840.59 1285737912.8 2458060.17982 0 3 1
-0.433872918169 1198874272.15 1240508469.49 1198274361.62 1282141727.17 2458060.18189 0 3 0
-0.432174480491 1202814989.54 1244563501.2 1202245663.05 1286031444.78 2458060.18397 0 3 1
-0.430476200086 1198998844.83 1240609610.97 1198346176.47 1282350010.39 2458060.18604 0 3 0
-0.428777772715 1202845159.02 1244547336.57 1202232806.14 1286151067.26 2458060.18811 0 3 1
-0.427079497272 1199637402.71 1241584804.08 1199080339.32 1282753692.53 2458060.19018 0 3 0
-0.425381075245 1203182087.98 1244695657.84 1202665555.11 1286453901.95 2458060.19225 0 3 1
-0.423682812017 1199947825.46 1241904050.61 1199397133.78 1283085536.46 2458060.19433 0 3 0
-0.389782041131 1198324560.12 1239916994.27 1197722575.7 1281548809.42 2458060.23568 0 4 0
-0.388083730569 1202944927.51 1244427895.84 1202270332.0 1286247958.12 2458060.23775 0 4 1
-0.386385269987 1199567494.14 1241031903.95 1198933438.48 1282956742.7 2458060.23982 0 4 0
-0.384686967824 1203694352.21 1245130182.29 1203065999.13 1286875541.43 2458060.2419 0 4 1
-0.382988517167 1200212164.49 1241809612.73 1199616414.6 1283535315.7 2458060.24397 0 4 0
-0.381290222256 1204070614.81 1245645374.7 1203560759.45 1287344654.76 2458060.24604 0 4 1
-0.379591779997 1200717019.21 1242453778.97 1200120009.71 1284095256.54 2458060.24811 0 4 0
-0.377893490048 1204300720.78 1245829093.15 1203816218.09 1287538336.75 2458060.25018 0 4 1
-0.376195053897 1201208736.3 1243653754.37 1200712310.17 1284228521.58 2458060.25225 0 4 0
-0.374496778073 1204172452.02 1245568097.24 1203611201.85 1287370346.83 2458060.25433 0 4 1
-0.372798355664 1200670910.0 1242678047.06 1200196760.52 1283829932.81 2458060.2564 0 4 0
-0.371100088619 1203963207.91 1245509926.47 1203491193.51 1287350983.66 2458060.25847 0 4 1
-0.369401674227 1200365560.4 1242321911.61 1199853982.83 1283599388.35 2458060.26054 0 4 0
