0 2458059.9732004823 119 26.518452 0.0
1 2458059.975272201 111 21.42766 0.3265428913066373
2 2458059.977344096 118 19.214165 -0.20831616939276765
3 2458059.979415802 103 19.837584 0.16847144399090302
4 2458059.9814876877 120 17.185097 -0.4248797682436388
5 2458059.983559388 103 17.963926 0.15557455141736995
6 2458059.985631267 117 18.326061 -0.3390390362770076
7 2458059.98770295 121 18.48022 0.1772375950074278
8 2458059.989774812 115 18.99627 -0.7039852108332415
9 2458059.9918464827 107 19.176182 0.07252547191036386
10 2458059.9939183337 114 18.540176 -0.5997044177452543
11 2458059.9959899993 108 19.324284 -0.05949547626188699
12 2458060.0370319923 117 45.38078 0.41313888986187836
13 2458060.0391038926 115 32.72984 0.9065792387974247
14 2458060.041175606 118 21.885538 0.1307352888943528
15 2458060.043247502 114 19.976332 0.5667795786741122
16 2458060.045319208 126 17.860455 0.014504407855457651
17 2458060.0473911 110 18.689617 0.21438403374190382
18 2458060.0494628004 111 17.835918 -0.22995511794083
19 2458060.051534675 106 18.870358 0.059022330985779456
20 2458060.053606359 113 18.480005 -0.2032635945202238
21 2458060.0556782214 111 18.830687 0.17990011507691353
22 2458060.0577498977 121 18.254143 -0.4092559606183602
23 2458060.059821754 118 19.51213 0.12446751406233077
24 2458060.061893416 127 17.373743 -0.7021431878020573
25 2458060.103247988 107 46.903667 0.3599382983750674
26 2458060.1053197035 117 34.820988 0.676381541693987
27 2458060.107391607 122 20.872595 0.016545651477582236
28 2458060.109463322 103 20.22361 0.2836804602984574
29 2458060.111535213 130 19.461632 -0.35819210557888054
30 2458060.1136069144 118 18.917084 0.46908231799341826
31 2458060.115678795 116 17.884396 -0.43754598151555957
32 2458060.1177504896 109 18.876572 0.024073974807115935
33 2458060.119822363 109 19.342773 -0.4701943766654078
34 2458060.1218940406 109 18.192513 -0.12293571172021456
35 2458060.123965897 131 17.690384 -0.6844890042223588
36 2458060.1260375627 98 19.66988 -0.06250501838282052
37 2458060.1281094095 111 18.21299 -0.7222536354137032
38 2458060.1694638026 133 45.33168 0.17988912893742434
39 2458060.1715357024 111 32.45327 0.43635497364036424
40 2458060.1736074155 108 23.285822 -0.14497035263517
41 2458060.17567931 109 20.821436 0.3870889739898536
42 2458060.177751021 114 18.69741 -0.08684968669998851
43 2458060.179822912 114 18.519688 0.19374661705134563
44 2458060.1818946074 128 18.816883 -0.2191047269800748
45 2458060.183966482 103 19.589827 -0.012007337051735067
46 2458060.186038165 117 17.758749 -0.34329818848151905
47 2458060.188110027 111 19.914953 -0.04339552949805041
48 2458060.190181704 117 17.778038 -0.4377796832044105
49 2458060.1922535594 104 19.324974 0.008824750532780694
50 2458060.1943252212 125 17.151985 -0.6936347758798699
51 2458060.235679785 124 45.057224 -0.2509051331210534
52 2458060.2377515044 123 33.09639 0.4199694895405853
53 2458060.239823407 113 22.128563 -0.08075060700253169
54 2458060.2418951164 140 18.8889 0.31285746444407386
55 2458060.243967007 119 18.240446 -0.10141860395417544
56 2458060.2460387074 113 19.585812 0.0030290361345524396
57 2458060.2481105877 125 18.611423 -0.17076560455737774
58 2458060.250182282 103 18.684473 0.08892850787045553
59 2458060.252254155 110 17.383327 -0.6741997488275613
60 2458060.2543258322 105 18.50118 -0.022992884992719113
61 2458060.2563976883 121 17.714268 -0.6626455219952986
62 2458060.258469355 113 19.4398 -0.21119940538234908
63 2458060.260541201 121 17.202824 -0.4788241141084562
