0.807 0.000000 0.000000 0.300 0.000 2.49
0.807 0.000000 0.000000 0.300 0.000 1.00
0.822 0.000142 0.000079 0.300 0.000 2.39
0.822 0.000142 0.000123 0.300 0.000 1.00
0.836 0.000142 0.000071 0.300 0.000 1.84
0.836 0.000142 0.000096 0.300 0.000 1.00
0.851 0.000029 0.000066 0.300 0.000 2.18
0.851 0.000029 0.000098 0.300 0.000 1.00
0.866 0.000291 0.000065 0.300 0.000 2.81
0.866 0.000291 0.000108 0.300 0.000 1.00
0.880 0.000234 0.000061 0.300 0.000 2.36
0.880 0.000234 0.000094 0.300 0.000 1.00
0.895 0.000212 0.000058 0.300 0.000 2.79
0.895 0.000212 0.000097 0.300 0.000 1.00
0.909 0.000220 0.000056 0.300 0.000 2.57
0.909 0.000220 0.000090 0.300 0.000 1.00
0.924 0.000182 0.000054 0.300 0.000 2.50
0.924 0.000182 0.000086 0.300 0.000 1.00
0.939 0.000296 0.000053 0.300 0.000 2.85
0.939 0.000296 0.000089 0.300 0.000 1.00
0.953 0.000393 0.000052 0.300 0.000 3.17
0.953 0.000393 0.000093 0.300 0.000 1.00
0.968 0.000498 0.000052 0.300 0.000 2.37
0.968 0.000498 0.000080 0.300 0.000 1.00
0.982 0.000402 0.000051 0.300 0.000 1.97
0.982 0.000402 0.000071 0.300 0.000 1.00
0.997 0.000371 0.000051 0.300 0.000 3.49
0.997 0.000371 0.000095 0.300 0.000 1.00
1.011 0.000559 0.000052 0.300 0.000 2.36
1.011 0.000559 0.000080 0.300 0.000 1.00
1.026 0.000348 0.000051 0.300 0.000 2.83
1.026 0.000348 0.000086 0.300 0.000 1.00
1.041 0.000400 0.000051 0.300 0.000 2.61
1.041 0.000400 0.000082 0.300 0.000 1.00
1.055 0.000460 0.000051 0.300 0.000 2.59
1.055 0.000460 0.000083 0.300 0.000 1.00
1.070 0.000480 0.000052 0.300 0.000 3.20
1.070 0.000480 0.000092 0.300 0.000 1.00
1.084 0.000436 0.000052 0.300 0.000 5.18
1.084 0.000436 0.000117 0.300 0.000 1.00
1.099 0.000584 0.000053 0.300 0.000 3.75
1.099 0.000584 0.000103 0.300 0.000 1.00
1.114 0.000569 0.000053 0.300 0.000 5.16
1.114 0.000569 0.000120 0.300 0.000 1.00
1.128 0.000531 0.000054 0.300 0.000 7.42
1.128 0.000531 0.000147 0.300 0.000 1.00
1.143 0.000579 0.000057 0.300 0.000 11.23
1.143 0.000579 0.000192 0.300 0.000 1.00
