0.858 0.000807 0.000039 0.300 0.000 3.03
0.873 0.000841 0.000038 0.300 0.000 3.18
0.888 0.000902 0.000036 0.300 0.000 2.59
0.903 0.000978 0.000034 0.300 0.000 1.91
0.919 0.000957 0.000033 0.300 0.000 1.89
0.934 0.001125 0.000032 0.300 0.000 2.11
0.949 0.001103 0.000031 0.300 0.000 1.74
0.964 0.001271 0.000031 0.300 0.000 1.27
0.980 0.001116 0.000030 0.300 0.000 1.15
0.995 0.001127 0.000031 0.300 0.000 1.53
1.010 0.001281 0.000031 0.300 0.000 2.33
1.026 0.001191 0.000031 0.300 0.000 1.31
1.041 0.001180 0.000031 0.300 0.000 2.15
1.056 0.001199 0.000031 0.300 0.000 4.65
1.071 0.001216 0.000031 0.300 0.000 4.43
1.087 0.001294 0.000031 0.300 0.000 2.42
1.102 0.001245 0.000032 0.300 0.000 5.39
1.117 0.001296 0.000032 0.300 0.000 5.62
1.132 0.001234 0.000033 0.300 0.000 5.82
