0.807 0.000100 0.000085 0.300 0.000 8.38
0.822 0.000290 0.000077 0.300 0.000 2.36
0.836 0.000260 0.000069 0.300 0.000 1.87
0.851 0.000149 0.000064 0.300 0.000 2.26
0.866 0.000406 0.000062 0.300 0.000 2.86
0.880 0.000360 0.000059 0.300 0.000 2.35
0.895 0.000309 0.000056 0.300 0.000 2.67
0.909 0.000315 0.000055 0.300 0.000 2.57
0.924 0.000290 0.000053 0.300 0.000 2.46
0.939 0.000413 0.000051 0.300 0.000 2.78
0.953 0.000480 0.000051 0.300 0.000 2.93
0.968 0.000556 0.000050 0.300 0.000 2.28
0.982 0.000502 0.000049 0.300 0.000 1.79
0.997 0.000495 0.000049 0.300 0.000 3.22
1.011 0.000665 0.000050 0.300 0.000 2.12
1.026 0.000463 0.000049 0.300 0.000 2.78
1.041 0.000518 0.000049 0.300 0.000 2.50
1.055 0.000568 0.000049 0.300 0.000 2.48
1.070 0.000582 0.000050 0.300 0.000 3.05
1.084 0.000555 0.000050 0.300 0.000 5.24
1.099 0.000645 0.000052 0.300 0.000 3.77
1.114 0.000655 0.000051 0.300 0.000 5.09
1.128 0.000636 0.000052 0.300 0.000 7.33
1.143 0.000807 0.000055 0.300 0.000 12.43
