0.804 0.000344 0.000080 0.300 0.000 2.14
0.811 0.000382 0.000075 0.300 0.000 1.60
0.818 0.000504 0.000072 0.300 0.000 2.38
0.825 0.000506 0.000068 0.300 0.000 1.51
0.832 0.000654 0.000065 0.300 0.000 1.66
0.839 0.000728 0.000062 0.300 0.000 1.66
0.846 0.000614 0.000060 0.300 0.000 1.06
0.854 0.000783 0.000058 0.300 0.000 1.64
0.861 0.000823 0.000057 0.300 0.000 2.06
0.868 0.000763 0.000057 0.300 0.000 3.40
0.875 0.000924 0.000055 0.300 0.000 1.03
0.882 0.000851 0.000053 0.300 0.000 1.22
0.889 0.000900 0.000052 0.300 0.000 1.96
0.896 0.000977 0.000051 0.300 0.000 0.69
0.904 0.000943 0.000050 0.300 0.000 2.27
0.911 0.001016 0.000050 0.300 0.000 1.54
0.918 0.000942 0.000048 0.300 0.000 1.20
0.925 0.001023 0.000048 0.300 0.000 2.97
0.932 0.001138 0.000048 0.300 0.000 1.49
0.939 0.001085 0.000046 0.300 0.000 1.08
0.946 0.001110 0.000046 0.300 0.000 1.42
0.954 0.001122 0.000046 0.300 0.000 1.86
0.961 0.001335 0.000047 0.300 0.000 2.05
0.968 0.001217 0.000045 0.300 0.000 1.58
0.975 0.001065 0.000045 0.300 0.000 0.98
0.982 0.001127 0.000045 0.300 0.000 1.03
0.989 0.001165 0.000045 0.300 0.000 0.86
0.996 0.001103 0.000045 0.300 0.000 1.48
1.004 0.001191 0.000045 0.300 0.000 2.08
1.011 0.001383 0.000047 0.300 0.000 3.42
1.018 0.001209 0.000045 0.300 0.000 1.08
1.025 0.001184 0.000045 0.300 0.000 1.09
1.032 0.001148 0.000045 0.300 0.000 1.27
1.039 0.001195 0.000045 0.300 0.000 1.03
1.046 0.001204 0.000045 0.300 0.000 2.90
1.054 0.001205 0.000045 0.300 0.000 2.46
1.061 0.001191 0.000045 0.300 0.000 2.59
1.068 0.001217 0.000045 0.300 0.000 2.19
1.075 0.001212 0.000046 0.300 0.000 3.07
1.082 0.001339 0.000046 0.300 0.000 2.53
1.089 0.001271 0.000046 0.300 0.000 2.42
1.096 0.001209 0.000047 0.300 0.000 5.08
1.104 0.001273 0.000047 0.300 0.000 3.93
1.111 0.001180 0.000046 0.300 0.000 4.59
1.118 0.001417 0.000047 0.300 0.000 3.44
1.125 0.001292 0.000047 0.300 0.000 5.43
1.132 0.001057 0.000048 0.300 0.000 4.96
1.139 0.001412 0.000049 0.300 0.000 9.68
1.146 0.001002 0.000057 0.300 0.000 7.94
