#time 		photoelectrons 	error 		visit 	orbit 	scan 	wave_center 	wave_start 	wave_end
0.395048218673 14520325.8105 1785403.3092 1.047 0.0 2458059.9732 0.0 0.0 0.0
0.396746528472 14590051.8099 1793770.83285 1.047 0.0 2458059.97527 0.0 0.0 1.0
0.398444982946 14562045.2276 1790616.94916 1.047 0.0 2458059.97734 0.0 0.0 0.0
0.400143282056 14617565.8744 1797132.26671 1.047 0.0 2458059.97942 0.0 0.0 1.0
0.401841728896 14590298.8694 1794175.38328 1.047 0.0 2458059.98149 0.0 0.0 0.0
0.403540023807 14644875.853 1800521.78651 1.047 0.0 2458059.98356 0.0 0.0 1.0
0.40523846492 14613417.0157 1796959.35677 1.047 0.0 2458059.98563 0.0 0.0 0.0
0.406936745325 14663244.3435 1802787.54321 1.047 0.0 2458059.9877 0.0 0.0 1.0
0.408635172696 14634374.4168 1799363.26941 1.047 0.0 2458059.98977 0.0 0.0 0.0
0.410333443177 14679653.6822 1804713.32025 1.047 0.0 2458059.99185 0.0 0.0 1.0
0.412031861387 14647943.3121 1801151.71721 1.047 0.0 2458059.99392 0.0 0.0 0.0
0.413730127668 14682771.3154 1804979.83966 1.047 0.0 2458059.99599 0.0 0.0 1.0
0.447374666124 14623595.7982 1797807.73645 1.047 0.0 2458060.03703 0.0 1.0 0.0
0.449073124797 14674902.643 1804005.51267 1.047 0.0 2458060.0391 0.0 1.0 1.0
0.450771430397 14644346.8168 1800634.23228 1.047 0.0 2458060.04118 0.0 1.0 0.0
0.452469885252 14688926.9272 1805708.38912 1.047 0.0 2458060.04325 0.0 1.0 1.0
0.454168184745 14650432.3902 1801380.49119 1.047 0.0 2458060.04532 0.0 1.0 0.0
0.455866636546 14692375.027 1806236.86719 1.047 0.0 2458060.04739 0.0 1.0 1.0
0.457564931457 14654352.7106 1801853.64304 1.047 0.0 2458060.04946 0.0 1.0 0.0
0.459263369135 14691673.4108 1806108.94088 1.047 0.0 2458060.05153 0.0 1.0 1.0
0.460961650304 14653991.6064 1801936.20787 1.047 0.0 2458060.05361 0.0 1.0 0.0
0.462660078057 14690703.5288 1805918.85849 1.047 0.0 2458060.05568 0.0 1.0 1.0
0.464358353118 14653522.9981 1801797.32464 1.047 0.0 2458060.05775 0.0 1.0 0.0
0.466056775909 14690586.7358 1806018.34474 1.047 0.0 2458060.05982 0.0 1.0 1.0
0.467755039136 14650018.0852 1801389.17084 1.047 0.0 2458060.06189 0.0 1.0 0.0
-0.498344183106 14622116.3986 1797654.38932 1.047 0.0 2458060.10325 0.0 2.0 0.0
-0.49664587598 14672020.407 1803769.88038 1.047 0.0 2458060.10532 0.0 2.0 1.0
-0.494947414635 14640744.6509 1800091.87739 1.047 0.0 2458060.10739 0.0 2.0 0.0
-0.49324910789 14678172.3845 1804462.98043 1.047 0.0 2458060.10946 0.0 2.0 1.0
-0.491550656852 14632113.4911 1798976.29347 1.047 0.0 2458060.11154 0.0 2.0 0.0
-0.489852361177 14672555.2546 1803888.81736 1.047 0.0 2458060.11361 0.0 2.0 1.0
-0.488153918537 14628078.0111 1798779.2209 1.047 0.0 2458060.11568 0.0 2.0 0.0
-0.486455628588 14662885.8092 1802585.362 1.047 0.0 2458060.11775 0.0 2.0 1.0
-0.484757192055 14624560.0104 1798141.61011 1.047 0.0 2458060.11982 0.0 2.0 0.0
-0.483058915849 14658890.0498 1802158.52175 1.047 0.0 2458060.12189 0.0 2.0 1.0
-0.481360493059 14623582.5676 1798173.35205 1.047 0.0 2458060.12397 0.0 2.0 0.0
-0.479662226778 14661835.2512 1802465.63504 1.047 0.0 2458060.12604 0.0 2.0 1.0
-0.477963812004 14628360.8093 1798648.57715 1.047 0.0 2458060.12811 0.0 2.0 0.0
-0.44406318083 14624420.7657 1797823.67708 1.047 0.0 2458060.16946 0.0 3.0 0.0
-0.442364722539 14671784.3281 1803471.36382 1.047 0.0 2458060.17154 0.0 3.0 1.0
-0.440666417321 14642309.9115 1800284.76017 1.047 0.0 2458060.17361 0.0 3.0 0.0
-0.438967963229 14678352.93 1804402.47825 1.047 0.0 2458060.17568 0.0 3.0 1.0
-0.43726965992 14641332.2953 1800187.16959 1.047 0.0 2458060.17775 0.0 3.0 0.0
-0.435571208881 14681374.7288 1804881.97934 1.047 0.0 2458060.17982 0.0 3.0 1.0
-0.433872918169 14643530.7196 1800496.68082 1.047 0.0 2458060.18189 0.0 3.0 0.0
-0.432174480491 14682030.1637 1804913.85758 1.047 0.0 2458060.18397 0.0 3.0 1.0
-0.430476200086 14644815.7536 1800631.24299 1.047 0.0 2458060.18604 0.0 3.0 0.0
-0.428777772715 14682241.958 1804878.15789 1.047 0.0 2458060.18811 0.0 3.0 1.0
-0.427079497272 14650655.9538 1801464.57262 1.047 0.0 2458060.19018 0.0 3.0 0.0
-0.425381075245 14690868.1296 1806074.91755 1.047 0.0 2458060.19225 0.0 3.0 1.0
-0.423682812017 14653320.8587 1801750.41863 1.047 0.0 2458060.19433 0.0 3.0 0.0
-0.389782041131 14635001.0954 1799132.43777 1.047 0.0 2458060.23568 0.0 4.0 0.0
-0.388083730569 14686080.278 1805233.29674 1.047 0.0 2458060.23775 0.0 4.0 1.0
-0.386385269987 14652517.4397 1801425.14341 1.047 0.0 2458060.23982 0.0 4.0 0.0
-0.384686967824 14694083.3647 1806340.95032 1.047 0.0 2458060.2419 0.0 4.0 1.0
-0.382988517167 14660181.2029 1802425.63392 1.047 0.0 2458060.24397 0.0 4.0 0.0
-0.381290222256 14700488.4425 1807160.34369 1.047 0.0 2458060.24604 0.0 4.0 1.0
-0.379591779997 14663724.5997 1802890.02677 1.047 0.0 2458060.24811 0.0 4.0 0.0
-0.377893490048 14704389.7082 1807662.08858 1.047 0.0 2458060.25018 0.0 4.0 1.0
-0.376195053897 14665090.7333 1803314.48727 1.047 0.0 2458060.25225 0.0 4.0 0.0
-0.374496778073 14702833.3233 1807452.57625 1.047 0.0 2458060.25433 0.0 4.0 1.0
-0.372798355664 14661679.8552 1802756.77123 1.047 0.0 2458060.2564 0.0 4.0 0.0
-0.371100088619 14695177.2979 1806457.76881 1.047 0.0 2458060.25847 0.0 4.0 1.0
-0.369401674227 14657397.9748 1802213.77404 1.047 0.0 2458060.26054 0.0 4.0 0.0
